-0.401052 -0.600655 0.00211955
0.936457
0.936619
0.936923
0.937367
0.937954
0.938682
0.939553
0.940567
0.941726
0.94303
0.944479
0.946097
0.699495
0.69264
0.685396
0.678083
0.670748
0.663567
0.656835
0.23192
0.221629
0.212304
0.20382
0.196073
0.188976
0.182455
0.176446
0.170895
0.160257
0.15582
0.151688
0.147834
0.144235
0.14087
0.134012
0.131234
0.128625
0.126175
0.12387
0.118882
0.116954
0.115906
0.11672
0.11756
0.118431
0.119335
0.120269
0.259199
0.261345
0.263561
0.26586
0.268235
0.2707
0.273245
0.275887
0.278623
0.281449
0.284383
0.287423
0.290572
0.293828
0.297203
0.300709
0.304345
0.310075
0.314254
0.318793
0.323723
0.324536
0.330095
0.336106
0.342603
0.344318
0.35163
0.359538
0.362049
0.370959
0.374039
0.384098
0.387821
0.39921
0.403673
0.408424
0.421942
0.427602
0.202491
0.201098
0.199748
0.198447
0.197196
0.195986
0.19482
0.193697
0.192616
0.191579
0.190578
0.189616
0.188692
0.187805
0.186955
0.186144
0.185364
0.184618
0.183906
0.183227
0.18258
0.181965
0.181381
0.180829
0.180306
0.179814
0.179352
0.178919
0.17851
0.178134
0.177787
0.177467
0.17718
0.176916
0.176679
0.17647
0.176287
0.176132
0.176003
0.175901
0.175825
0.175776
0.175754
0.175754
0.175784
0.175841
0.175924
0.176034
0.176171
0.176335
0.15984
0.140382
0.1252
0.113028
0.0945704
0.0875345
0.0815063
0.0762862
0.0717326
0.0677118
0.0641449
0.0623148
0.0624981
0.0626919
0.0628964
0.0631118
0.0633382
0.0635759
0.063825
0.0640857
0.0643583
0.0646444
0.0649414
0.0652511
0.189898
0.19087
0.191881
0.192936
0.194028
0.195162
0.196339
0.19756
0.198831
0.200144
0.201505
0.20292
0.204381
0.205894
0.207467
0.20909
0.210771
0.212516
0.214317
0.216187
0.218118
0.220123
0.222193
0.224341
0.402968
0.400985
0.393427
0.386437
0.379972
0.37904
0.373326
0.368047
0.363184
0.35652
0.352292
0.348216
0.344275
0.340474
0.336815
0.333283
0.329874
0.326575
0.323398
0.32033
0.31736
0.314499
0.311728
0.309059
0.306475
0.303986
0.301575
0.299248
0.297006
0.294836
0.292742
0.290727
0.288776
0.286894
0.285086
0.283337
0.281651
0.280028
0.278464
0.276966
0.275519
0.274128
0.272792
0.27151
0.27028
0.269108
0.26798
0.266902
0.265872
0.264891
0.263955
0.263066
0.262223
0.261424
0.260669
0.259957
0.259289
0.258662
0.258071
0.257528
0.257025
0.256564
0.256148
0.255766
0.255424
0.255121
0.254858
0.254633
0.254446
0.254299
0.25419
0.254119
0.254086
0.254086
0.25413
0.254212
0.254333
0.254492
0.25469
0.254926
0.255201
0.255516
0.25587
0.256263
0.256702
0.257175
0.257689
0.258245
0.258848
0.259487
0.249768
0.237387
0.226272
0.216244
0.207156
0.198886
0.191335
0.184416
0.178058
0.172199
0.166787
0.156413
0.152086
0.148056
0.144296
0.140785
0.137501
0.130808
0.128098
0.125553
0.123162
0.120914
0.116047
0.114166
0.112394
0.108378
0.106889
0.105488
0.102133
0.100957
0.0998515
0.0970232
0.0961012
0.0936018
0.0928394
0.0906243
0.0900027
0.088036
0.0862171
0.085793
0.0841766
0.0826812
0.0812982
0.0810989
0.0798723
0.0787431
0.0777033
0.0762774
0.0753729
0.0745007
0.0736614
0.0728482
0.0720652
0.0713096
0.0705802
0.0698745
0.0691947
0.0685382
0.0679028
0.0672906
0.0666978
0.0661268
0.0655739
0.0650413
0.0645255
0.0640275
0.063548
0.0630837
0.0626355
0.0622044
0.061787
0.0613845
0.0609976
0.0606233
0.0602627
0.0599153
0.0595808
0.0592602
0.0589506
0.058653
0.0583672
0.0580929
0.0578298
0.057579
0.0573377
0.057107
0.0568867
0.0566766
0.0564765
0.0562863
0.0561058
0.0559349
0.0557733
0.0556211
0.055478
0.055344
0.0552204
0.0551042
0.0549967
0.0548979
0.054809
0.0547273
0.0546541
0.0545893
0.0545329
0.0544848
0.0544449
0.0544133
0.05439
0.0543748
0.0543679
0.0543679
0.0543773
0.0543949
0.0544207
0.0544548
0.0544971
0.0545476
0.0546066
0.0546738
0.0547495
0.0548337
0.0549276
0.055029
0.055139
0.0552578
0.055384
0.0555206
0.0556663
0.0558212
0.0559854
0.056159
0.0563422
0.0565352
0.056738
0.0569509
0.057174
0.0574076
0.0576518
0.0579081
0.0581742
0.0584515
0.0587404
0.0590411
0.0593539
0.0596803
0.0600181
0.0603688
0.0607329
0.0611106
0.0615037
0.0619099
0.0623308
0.0627685
0.0632205
0.0636887
0.064175
0.0646771
0.0651971
0.0657368
0.0662941
0.0668726
0.06747
0.06809
0.0687303
0.0693948
0.0700829
0.0707939
0.071532
0.0722965
0.0730886
0.0739078
0.0747566
0.0756386
0.0765533
0.0779922
0.0790433
0.0801848
0.0814247
0.0816293
0.0830274
0.0845392
0.0861735
0.0866053
0.0884447
0.0904339
0.0910655
0.0933067
0.0940811
0.0966109
0.0975471
0.100411
0.101533
0.102728
0.106128
0.107551
0.109063
0.113137
0.114937
0.11685
0.121793
0.12408
0.126514
0.129105
0.131864
0.138674
0.142022
0.145602
0.149438
0.153553
0.157974
0.168575
0.174116
0.180119
0.186639
0.193741
0.2015
0.210006
0.219366
0.229707
0.241185
0.253989
0.268353
0.284574
0.303065
0.324238
0.34876
0.377489
0.453316
0.503743
0.567112
0.648998
0.759234
0.914863
0.937785
0.937241
0.936838
0.936577
0.936457

-0.198918 -0.601308 0.0020769
0.734233
0.734361
0.734599
0.734948
0.735408
0.735979
0.736663
0.737458
0.738367
0.73939
0.740527
0.741796
0.743165
0.744651
0.746255
0.74796
0.749806
0.50346
0.499458
0.49538
0.491167
0.486994
0.482794
0.478685
0.474692
0.470828
0.467143
0.463735
0.455469
0.452659
0.450152
0.447882
0.445913
0.444136
0.438849
0.437734
0.436829
0.436105
0.435633
0.432422
0.432414
0.432615
0.345258
0.347744
0.350319
0.352995
0.355757
0.358617
0.361586
0.364652
0.367834
0.37112
0.37453
0.378052
0.381708
0.385493
0.389404
0.393464
0.39767
0.402027
0.406533
0.411202
0.416054
0.421085
0.415977
0.411044
0.406288
0.401691
0.397257
0.392987
0.388867
0.38489
0.381041
0.377335
0.373755
0.37029
0.366952
0.36372
0.360606
0.357591
0.354687
0.351874
0.349158
0.346544
0.344012
0.341568
0.339218
0.336942
0.334746
0.332637
0.330596
0.32863
0.326735
0.324911
0.323163
0.0610908
0.0607824
0.0604862
0.0602019
0.0599293
0.0596695
0.0594195
0.0591804
0.0589522
0.0587345
0.0585271
0.05833
0.058143
0.0579659
0.0577985
0.0576408
0.0574926
0.0573537
0.0572227
0.0571023
0.0569909
0.0568886
0.0567965
0.0567119
0.056636
0.0565689
0.0565105
0.0564606
0.0564194
0.0563867
0.0563625
0.0563468
0.0563396
0.0563396
0.0563494
0.0563677
0.0563945
0.0564298
0.0564736
0.0565261
0.0565871
0.0566569
0.0567354
0.0568226
0.05692
0.057025
0.0571391
0.0572622
0.057396
0.0575376
0.0576886
0.0578491
0.0580193
0.0581992
0.0583891
0.0585891
0.0587993
0.05902
0.0592513
0.0594933
0.0597464
0.0600121
0.0602879
0.0605753
0.0608748
0.0611864
0.0615105
0.0618489
0.062199
0.0625625
0.0629398
0.0633312
0.0637387
0.0641597
0.064596
0.0650496
0.065518
0.0660033
0.0665073
0.0670277
0.0675666
0.068126
0.0687036
0.0693032
0.0699223
0.0705649
0.0712285
0.0719172
0.0726304
0.0733673
0.0741322
0.0749246
0.0757456
0.0765946
0.0774783
0.0783925
0.0793405
0.0808339
0.0819239
0.0831077
0.0843888
0.0846011
0.0860507
0.0876182
0.0893129
0.0897608
0.091668
0.0937307
0.0943858
0.0967097
0.0975129
0.100136
0.101107
0.104078
0.105242
0.106481
0.110007
0.111484
0.113053
0.247375
0.245716
0.244115
0.242576
0.241088
0.239654
0.238272
0.236942
0.235668
0.234436
0.233253
0.232117
0.231026
0.229979
0.228982
0.228023
0.227105
0.226229
0.225394
0.227495
0.47246
0.470945
0.46951
0.468155
0.466877
0.465676
0.464552
0.46349
0.462515
0.461613
0.460784
0.460038
0.459353
0.458739
0.458195
0.457722
0.457318
0.456984
0.456719
0.456523
0.456396
0.456338
0.456338
0.456417
0.456565
0.456782
0.457068
0.457423
0.457848
0.458342
0.458907
0.459543
0.434617
0.363678
0.336639
0.313491
0.293435
0.275872
0.260432
0.246732
0.2345
0.22352
0.213613
0.204635
0.196465
0.189004
0.182168
0.175887
0.1701
0.164754
0.154507
0.150233
0.146253
0.142541
0.139074
0.135831
0.129223
0.126546
0.124033
0.121671
0.119451
0.114644
0.112785
0.111035
0.107067
0.105596
0.104212
0.100898
0.0997356
0.098644
0.0958502
0.0949395
0.0924707
0.0917176
0.0895296
0.0889157
0.0869731
0.0851765
0.0847577
0.083161
0.0816839
0.0803177
0.0801209
0.0789092
0.0777937
0.0767665
0.0753583
0.0744648
0.0736032
0.072774
0.0719707
0.0711972
0.0704508
0.0697302
0.069033
0.0683615
0.067713
0.0670852
0.0664805
0.0658949
0.0653309
0.0647846
0.0642585
0.063749
0.063257
0.0627833
0.0623246
0.0618819
0.061456
0.0610437
0.060646
0.0602639
0.0598941
0.0595378
0.0591946
0.0588642
0.0585475
0.0582417
0.0579477
0.0576654
0.0573943
0.0571344
0.0568867
0.0566484
0.0564205
0.0562029
0.0559953
0.0557977
0.0556098
0.0554315
0.0552626
0.0551031
0.0549527
0.0548114
0.054679
0.0545569
0.0544421
0.0543359
0.0542384
0.0541505
0.0540699
0.0539976
0.0539336
0.0538779
0.0538304
0.053791
0.0537599
0.0537368
0.0537219
0.053715
0.053715
0.0537244
0.0537418
0.0537673
0.053801
0.0538428
0.0538928
0.0539511
0.0540175
0.0540924
0.0541755
0.0542684
0.0543686
0.0544773
0.0545947
0.0547194
0.0548544
0.0549984
0.0551514
0.0553137
0.0554853
0.0556663
0.055857
0.0560574
0.0562678
0.0564883
0.0567191
0.0569603
0.0572136
0.0574765
0.0577506
0.0580361
0.0583332
0.0586422
0.0589648
0.0592986
0.0596451
0.0600048
0.060378
0.0607665
0.0611678
0.0615838
0.0620163
0.0624629
0.0629255
0.0634061
0.0639022
0.0644159
0.0649493
0.0655
0.0660716
0.0666618
0.0672745
0.0679071
0.0685638
0.0692437
0.0699463
0.0706755
0.071431
0.0722137
0.0730231
0.0738619
0.0747334
0.0756372
0.0770595
0.0780982
0.0792262
0.0804514
0.0806536
0.0820351
0.083529
0.085144
0.0855707
0.0873883
0.089354
0.0899782
0.0921929
0.0929581
0.095458
0.0963833
0.0992134
0.100323
0.101503
0.104863
0.106269
0.107764
0.111789
0.113568
0.115458
0.120342
0.122601
0.125006
0.127565
0.130292
0.137021
0.140328
0.143866
0.147656
0.151722
0.156091
0.166567
0.172042
0.177973
0.184415
0.191432
0.199099
0.207503
0.21675
0.226968
0.238311
0.250965
0.265165
0.281202
0.299491
0.320433
0.344691
0.373102
0.448066
0.497891
0.560527
0.641669
0.73646
0.73581
0.735273
0.734847
0.734531
0.734327
0.734233

0.00411814 -0.601954 0.00205924
0.531108
0.5312
0.531373
0.531625
0.531958
0.532372
0.532866
0.533442
0.534099
0.534839
0.535662
0.53658
0.53757
0.538645
0.539806
0.54104
0.542375
0.543798
0.545311
0.546916
0.548612
0.550402
0.552287
0.554269
0.556349
0.558529
0.560811
0.563197
0.310078
0.308641
0.307204
0.305822
0.304461
0.303132
0.298843
0.297545
0.296368
0.295235
0.294102
0.290185
0.289241
0.288376
0.284854
0.284154
0.28353
0.280499
0.280143
0.279855
0.277257
0.277219
0.274912
0.275052
0.273166
0.273572
0.271989
0.270639
0.27141
0.270362
0.269465
0.26881
0.270053
0.269686
0.269507
0.269481
0.269776
0.270161
0.27074
0.271497
0.270489
0.271608
0.272934
0.274452
0.273894
0.275805
0.277881
0.277752
0.280254
0.280334
0.283262
0.283615
0.286868
0.287433
0.288088
0.201105
0.199636
0.198217
0.199633
0.202811
0.206187
0.214909
0.218945
0.223239
0.227811
0.232681
0.244699
0.250606
0.256925
0.263694
0.270955
0.278756
0.297461
0.307238
0.3121
0.310896
0.309748
0.308655
0.307615
0.306629
0.305695
0.304813
0.303981
0.303199
0.302467
0.301776
0.301141
0.300554
0.300014
0.299528
0.299082
0.298683
0.298329
0.29802
0.297758
0.29754
0.297368
0.29724
0.297158
0.29712
0.29712
0.297171
0.297268
0.297409
0.297595
0.297827
0.298103
0.298426
0.298793
0.299207
0.299667
0.300181
0.300735
0.301337
0.301986
0.302691
0.303438
0.304235
0.305081
0.305979
0.306928
0.30793
0.308984
0.310093
0.311257
0.341275
0.330038
0.319659
0.299765
0.291467
0.28374
0.276533
0.269802
0.263508
0.260272
0.261745
0.263275
0.406041
0.398627
0.382578
0.376372
0.37053
0.357287
0.352378
0.347757
0.336695
0.332815
0.329171
0.319845
0.316805
0.308564
0.30605
0.298747
0.296697
0.290213
0.284216
0.282818
0.277488
0.272558
0.267997
0.26734
0.263309
0.259585
0.256156
0.251458
0.248476
0.245601
0.242823
0.240142
0.237561
0.235071
0.232667
0.23034
0.2281
0.225936
0.223841
0.221823
0.21987
0.217988
0.216165
0.21441
0.212709
0.211068
0.209487
0.207957
0.20648
0.205059
0.203683
0.202356
0.201081
0.199847
0.198658
0.197513
0.196411
0.195354
0.194334
0.193353
0.192411
0.191507
0.190639
0.189813
0.189018
0.188899
0.195742
0.203195
0.211338
0.220265
0.230089
0.240945
0.252996
0.266443
0.281542
0.298587
0.425927
0.42503
0.424202
0.430936
0.664834
0.663844
0.662957
0.662172
0.661487
0.660904
0.660421
0.660039
0.659756
0.659572
0.659488
0.659488
0.659603
0.659817
0.660131
0.660544
0.661057
0.661671
0.60676
0.533033
0.475447
0.429266
0.359275
0.332592
0.309726
0.289911
0.272556
0.257298
0.243759
0.231672
0.220821
0.211031
0.20216
0.194087
0.186717
0.179964
0.173758
0.168042
0.162761
0.152639
0.148416
0.144485
0.140818
0.137393
0.13419
0.127661
0.125016
0.122533
0.1202
0.118007
0.113258
0.111422
0.109693
0.105774
0.104322
0.102954
0.0996807
0.0985325
0.0974541
0.0946941
0.0937944
0.0913554
0.0906115
0.08845
0.0878435
0.0859244
0.0841495
0.0837357
0.0821582
0.0806989
0.0793492
0.0791548
0.0779578
0.0768558
0.0758411
0.0744505
0.0735678
0.0727166
0.0718975
0.0711038
0.0703397
0.0696022
0.0688904
0.0682017
0.0675382
0.0668976
0.0662774
0.0656799
0.0651015
0.0645442
0.0640045
0.0634848
0.0629814
0.0624953
0.0620274
0.0615743
0.0611369
0.0607161
0.0603088
0.0599159
0.0595384
0.0591731
0.0588211
0.0584821
0.0581556
0.0578428
0.0575407
0.0572502
0.0569713
0.0567036
0.0564468
0.0562021
0.0559666
0.0557415
0.0555265
0.0553214
0.0551262
0.0549406
0.0547644
0.0545976
0.05444
0.0542915
0.0541518
0.0540211
0.0539004
0.053787
0.0536822
0.0535858
0.053499
0.0534194
0.053348
0.0532847
0.0532297
0.0531828
0.0531439
0.0531132
0.0530904
0.0530756
0.0530689
0.0530689
0.0530781
0.0530953
0.0531206
0.0531539
0.0531952
0.0532446
0.0533021
0.0533678
0.0534418
0.053524
0.0536158
0.0537147
0.0538221
0.0539381
0.0540614
0.0541948
0.054337
0.0544882
0.0546485
0.0548181
0.054997
0.0551853
0.0553834
0.0555912
0.0558091
0.0560371
0.0562755
0.0565258
0.0567855
0.0570563
0.0573384
0.0576319
0.0579372
0.058256
0.0585858
0.0589282
0.0592836
0.0596523
0.0600361
0.0604326
0.0608436
0.0612709
0.0617122
0.0621693
0.0626441
0.0631343
0.0636418
0.0641688
0.0647129
0.0652777
0.0658608
0.0664661
0.0670912
0.06774
0.0684118
0.0691059
0.0698265
0.0705729
0.0713462
0.0721459
0.0729746
0.0738357
0.0747287
0.0761342
0.0771604
0.0782748
0.0794853
0.079685
0.0810499
0.0825258
0.0841214
0.084543
0.0863387
0.0882808
0.0888977
0.091086
0.0918422
0.0943124
0.0952268
0.0980232
0.0991191
0.100286
0.103605
0.104995
0.106472
0.110449
0.112207
0.114075
0.1189
0.121133
0.123509
0.126038
0.128733
0.135382
0.13865
0.142146
0.14589
0.149908
0.154224
0.164575
0.169984
0.175845
0.182211
0.189146
0.196722
0.205023
0.21416
0.224256
0.235464
0.247968
0.261999
0.277845
0.295915
0.3166
0.340565
0.368635
0.442779
0.492107
0.533901
0.533269
0.532718
0.532248
0.531859
0.531551
0.531323
0.531176
0.531108

0.205353 -0.602578 0.00193263
0.32979
0.329848
0.329955
0.330113
0.33032
0.330577
0.330885
0.331243
0.331652
0.332111
0.332623
0.333194
0.333809
0.334477
0.335199
0.335965
0.336794
0.337679
0.338619
0.339616
0.34067
0.341782
0.342953
0.344184
0.345476
0.346831
0.348248
0.34973
0.351287
0.352901
0.354585
0.356338
0.358163
0.360061
0.362043
0.364092
0.366221
0.36843
0.370722
0.373109
0.375573
0.378128
0.380785
0.383527
0.386368
0.38932
0.392367
0.395522
0.398799
0.40218
0.405692
0.409316
0.413079
0.416965
0.420998
0.425174
0.429489
0.433968
0.438608
0.443416
0.448386
0.453538
0.458891
0.464442
0.47319
0.47957
0.486499
0.494025
0.495268
0.150274
0.141044
0.141433
0.140944
0.141442
0.141949
0.141567
0.142178
0.141867
0.14253
0.142288
0.143043
0.14285
0.142694
0.143542
0.143431
0.14334
0.144232
0.144221
0.144255
0.145321
0.145422
0.14551
0.145631
0.145785
0.146965
0.147195
0.147458
0.147744
0.148055
0.148401
0.149823
0.150246
0.150703
0.151178
0.151677
0.152209
0.152795
0.153452
0.154146
0.154873
0.15562
0.156404
0.157238
0.158153
0.159109
0.160099
0.161122
0.163591
0.164814
0.166087
0.167447
0.168866
0.170367
0.172
0.173695
0.175498
0.177375
0.179397
0.179397
0.181615
0.183946
0.186481
0.189138
0.192081
0.195166
0.198594
0.202257
0.206389
0.210873
0.220815
0.22683
0.233553
0.241163
0.249239
0.256333
0.304883
0.305732
0.306632
0.307584
0.308588
0.309646
0.310757
0.311924
0.312423
0.302142
0.292644
0.274439
0.266845
0.259773
0.253177
0.247016
0.241255
0.229514
0.224758
0.220293
0.216097
0.212153
0.203613
0.200311
0.197995
0.199387
0.200823
0.20231
0.351511
0.354262
0.35711
0.360069
0.363122
0.366292
0.369565
0.372963
0.376471
0.380112
0.383883
0.387779
0.391823
0.396013
0.400353
0.404841
0.409514
0.414347
0.419359
0.428614
0.423533
0.418634
0.413898
0.40933
0.404932
0.400688
0.396591
0.392627
0.388809
0.395548
0.475268
0.470985
0.466837
0.462843
0.458973
0.455248
0.451639
0.448154
0.444799
0.441551
0.438415
0.435399
0.432478
0.429661
0.426955
0.424337
0.421813
0.419382
0.417042
0.4148
0.412634
0.410552
0.408552
0.406632
0.404792
0.403038
0.40135
0.399736
0.398195
0.396725
0.395325
0.393995
0.392732
0.391536
0.390407
0.389342
0.388341
0.387404
0.38652
0.385707
0.384956
0.400862
0.481571
0.62479
0.86535
0.864326
0.863435
0.862675
0.862046
0.861548
0.86118
0.860942
0.860833
0.860833
0.860984
0.861265
0.861676
0.862217
0.828628
0.695101
0.598678
0.526003
0.469259
0.423772
0.354729
0.328391
0.305818
0.286267
0.269145
0.254089
0.24073
0.228806
0.2181
0.20844
0.199686
0.19172
0.184445
0.177779
0.171654
0.166009
0.160795
0.150798
0.146627
0.142744
0.139122
0.135739
0.132575
0.126126
0.123514
0.121062
0.118757
0.116591
0.1119
0.110086
0.108379
0.104508
0.103073
0.101722
0.0984884
0.0973543
0.0962891
0.0935626
0.0926739
0.0902645
0.0895297
0.0873944
0.0867954
0.0848995
0.0831462
0.0827375
0.0811792
0.0797377
0.0784044
0.0782125
0.07703
0.0759414
0.074939
0.0735652
0.0726931
0.0718523
0.0710431
0.070259
0.0695042
0.0687757
0.0680725
0.067392
0.0667367
0.0661039
0.0654911
0.064901
0.0643294
0.063779
0.0632458
0.0627324
0.0622351
0.0617549
0.0612927
0.060845
0.0604129
0.0599973
0.0595949
0.0592068
0.0588339
0.058473
0.0581253
0.0577903
0.0574678
0.0571589
0.0568604
0.0565735
0.0562979
0.0560334
0.0557798
0.0555382
0.0553055
0.0550832
0.0548708
0.0546682
0.0544754
0.0542921
0.0541181
0.0539533
0.0537976
0.0536509
0.053513
0.0533839
0.0532647
0.0531528
0.0530492
0.0529541
0.0528685
0.0527898
0.0527194
0.052657
0.0526027
0.0525564
0.0525181
0.0524877
0.0524653
0.0524508
0.0524442
0.0524442
0.0524534
0.0524705
0.0524956
0.0525285
0.0525694
0.0526184
0.0526753
0.0527403
0.0528135
0.0528948
0.0529857
0.0530835
0.0531898
0.0533045
0.0534264
0.0535583
0.0536989
0.0538485
0.054007
0.0541746
0.0543515
0.0545377
0.0547335
0.054939
0.0551544
0.0553798
0.0556155
0.055863
0.0561198
0.0563875
0.0566664
0.0569566
0.0572584
0.0575736
0.0578996
0.0582381
0.0585894
0.0589539
0.0593334
0.0597254
0.0601317
0.0605542
0.0609904
0.0614422
0.0619116
0.0623962
0.0628979
0.0634189
0.0639567
0.0645151
0.0650916
0.06569
0.0663079
0.0669493
0.0676135
0.0682996
0.069012
0.0697499
0.0705144
0.0713049
0.0721242
0.0729755
0.0738582
0.0752479
0.0762625
0.0773643
0.0785611
0.0787587
0.0801081
0.0815673
0.0831448
0.0835618
0.0853372
0.0872573
0.0878672
0.0900305
0.0907781
0.0932201
0.094124
0.0968887
0.0979722
0.0991259
0.102407
0.103782
0.105242
0.109174
0.110912
0.112759
0.11753
0.119737
0.122086
0.124588
0.127253
0.133828
0.137059
0.140517
0.14422
0.148193
0.152462
0.162697
0.168048
0.173844
0.18014
0.186998
0.194492
0.202706
0.211746
0.221735
0.232821
0.245191
0.259076
0.274758
0.292642
0.31312
0.333595
0.332996
0.332458
0.331964
0.33152
0.331128
0.330786
0.330495
0.330255
0.330064
0.329923
0.329831
0.32979

0.40749 -0.603197 0.00192414
0.127564
0.127586
0.127628
0.127689
0.127769
0.127868
0.127987
0.128126
0.128284
0.128462
0.12866
0.128881
0.129119
0.129377
0.129656
0.129953
0.130274
0.130616
0.130979
0.131365
0.131773
0.132203
0.132656
0.133132
0.133632
0.134156
0.134704
0.135277
0.135879
0.136504
0.137155
0.137833
0.138539
0.139273
0.14004
0.140833
0.141656
0.142511
0.143397
0.14432
0.145274
0.146262
0.14729
0.14835
0.149449
0.150591
0.15177
0.15299
0.154258
0.155566
0.156924
0.158326
0.159781
0.161284
0.162845
0.16446
0.166129
0.167862
0.169656
0.171516
0.173439
0.175431
0.177502
0.179649
0.183036
0.185504
0.188184
0.191095
0.191576
0.194859
0.198409
0.202247
0.203261
0.20758
0.212251
0.213734
0.218997
0.220815
0.226755
0.228954
0.235679
0.238315
0.241122
0.249104
0.252447
0.255999
0.265565
0.269793
0.274286
0.285891
0.291262
0.296977
0.303061
0.309542
0.325535
0.333395
0.341801
0.350806
0.360466
0.370845
0.395733
0.40874
0.422835
0.438143
0.454826
0.473057
0.441364
0.438037
0.439595
0.441271
0.44307
0.444984
0.447034
0.449192
0.451495
0.453916
0.456597
0.463242
0.466474
0.470045
0.473934
0.478441
0.48362
0.489424
0.49762
0.509693
0.624032
0.612683
0.612683
0.60193
0.29714
0.286157
0.277966
0.271434
0.265251
0.259977
0.255423
0.251075
0.246922
0.238727
0.240832
0.243311
0.348969
0.35017
0.35139
0.352669
0.353978
0.355348
0.35682
0.358384
0.360048
0.361925
0.363873
0.36608
0.36838
0.370977
0.375096
0.378273
0.382069
0.386168
0.390729
0.395998
0.406824
0.406565
0.398502
0.400413
0.402904
0.337575
0.339805
0.342117
0.34452
0.347002
0.349573
0.352244
0.355
0.357855
0.360819
0.363879
0.367056
0.370336
0.37374
0.377256
0.380905
0.384684
0.388588
0.392641
0.396839
0.401189
0.154958
0.154796
0.154698
0.154669
0.154734
0.183986
0.205406
0.228488
0.244044
0.394504
0.390369
0.386378
0.382516
0.378796
0.375204
0.371726
0.368377
0.365132
0.362008
0.358982
0.356068
0.353245
0.35052
0.347896
0.345355
0.347829
0.580934
0.577038
0.57328
0.569669
0.566175
0.562808
0.566322
0.638676
0.635243
0.631925
0.628737
0.625674
0.622735
0.619916
0.617231
0.614646
0.612174
0.609814
0.607563
0.60542
0.603382
0.601448
0.599617
0.597887
0.596257
0.594724
0.593289
0.591935
0.59069
0.58954
0.588482
0.587531
0.586657
0.609458
0.697661
inf
inf
inf
inf
inf
inf
inf
inf
inf
inf
inf
inf
0.818805
0.686771
0.591616
0.5198
0.463731
0.41877
0.35052
0.324502
0.302204
0.282886
0.265966
0.251091
0.237891
0.226107
0.215527
0.205979
0.197325
0.18945
0.182259
0.175672
0.169619
0.16404
0.158888
0.149009
0.144889
0.141052
0.137473
0.13413
0.131004
0.124632
0.122052
0.119628
0.117352
0.115212
0.110577
0.108785
0.107098
0.103273
0.101855
0.100521
0.0973252
0.0962045
0.0951518
0.0924576
0.0915795
0.0891986
0.0884724
0.0863623
0.0857704
0.0838969
0.0821643
0.0817604
0.0802206
0.0787961
0.0774787
0.077289
0.0761206
0.0750449
0.0740544
0.0726972
0.0718354
0.0710045
0.0702049
0.0694301
0.0686842
0.0679643
0.0672694
0.066597
0.0659494
0.065324
0.0647185
0.0641353
0.0635706
0.0630266
0.0624997
0.0619924
0.061501
0.0610264
0.0605697
0.0601273
0.0597003
0.0592897
0.058892
0.0585084
0.05814
0.0577834
0.0574397
0.0571087
0.05679
0.0564848
0.0561898
0.0559063
0.055634
0.0553726
0.055122
0.0548832
0.0546533
0.0544336
0.0542237
0.0540236
0.053833
0.0536518
0.0534799
0.0533171
0.0531632
0.0530183
0.052882
0.0527544
0.0526367
0.052526
0.0524237
0.0523297
0.0522451
0.0521674
0.0520978
0.0520361
0.0519825
0.0519367
0.0518989
0.0518689
0.0518467
0.0518324
0.0518259
0.0518259
0.051835
0.0518519
0.0518767
0.0519092
0.0519497
0.051998
0.0520543
0.0521186
0.0521909
0.0522712
0.052361
0.0524577
0.0525627
0.0526761
0.0527966
0.0529269
0.0530659
0.0532137
0.0533704
0.053536
0.0537108
0.0538949
0.0540883
0.0542914
0.0545043
0.0547271
0.05496
0.0552046
0.0554584
0.0557229
0.0559985
0.0562853
0.0565835
0.056895
0.0572172
0.0575517
0.0578989
0.0582591
0.0586341
0.0590215
0.059423
0.0598405
0.0602716
0.0607181
0.061182
0.0616609
0.0621567
0.0626716
0.0632031
0.0637549
0.0643246
0.0649159
0.0655265
0.0661604
0.0668168
0.0674948
0.0681988
0.068928
0.0696836
0.0704647
0.0712744
0.0721157
0.0729881
0.0743605
0.0753631
0.0764518
0.0776345
0.0778298
0.0791634
0.0806055
0.0821645
0.0825766
0.0843312
0.0862287
0.0868315
0.0889694
0.0897083
0.0921217
0.093015
0.0957473
0.0968181
0.0979583
0.101201
0.10256
0.104003
0.107889
0.109607
0.111432
0.116147
0.118329
0.120651
0.123122
0.125756
0.132253
0.135447
0.137608
0.136937
0.136294
0.135677
0.135089
0.134524
0.133983
0.133466
0.132973
0.132504
0.132058
0.131635
0.131234
0.130856
0.130499
0.130164
0.129849
0.12956
0.129287
0.129035
0.128804
0.128596
0.128405
0.128233
0.128081
0.127949
0.127837
0.127744
0.12767
0.127615
0.12758
0.127564

0.492026 -0.603576 -0.000941996
0.0432176
0.0432267
0.0432423
0.0432645
0.0432931
0.0433284
0.0433702
0.0434186
0.0434738
0.0435356
0.0436041
0.0436821
0.0437643
0.0438534
0.0439495
0.0440487
0.044159
0.0442765
0.0444014
0.0445336
0.0446734
0.0448208
0.044976
0.045139
0.0453101
0.0454893
0.0456768
0.0458728
0.0460802
0.0462937
0.0465161
0.0467478
0.0469888
0.0472395
0.0475028
0.0477735
0.0480544
0.048346
0.0486485
0.0489651
0.0492903
0.0496273
0.0499795
0.0503413
0.050716
0.0511071
0.0515089
0.0519249
0.0523587
0.0528045
0.0532693
0.0537471
0.0542451
0.0547572
0.0552908
0.0558432
0.0564118
0.0570042
0.0576178
0.0582534
0.0589085
0.0595857
0.0602932
0.0610269
0.0621831
0.0630257
0.0639407
0.0649394
0.0651053
0.0662263
0.0674385
0.0687493
0.0690974
0.0705728
0.0721686
0.0726772
0.0744756
0.0750988
0.0771294
0.0778828
0.0801822
0.0810852
0.0820466
0.0847774
0.0859229
0.08714
0.0904142
0.0918638
0.093404
0.0973796
0.099222
0.101183
0.10327
0.105495
0.110982
0.113682
0.116572
0.119669
0.122992
0.126564
0.135131
0.139616
0.144476
0.14976
0.155518
0.161814
0.168722
0.176329
0.184742
0.194093
0.204538
0.216276
0.229554
0.244808
0.262222
0.28244
0.30619
0.369247
0.411459
0.46479
0.534307
0.427124
0.425726
0.428593
0.431605
0.434746
0.438048
0.44149
0.44149
0.44517
0.448993
0.453138
0.457495
0.462242
0.467311
0.472715
0.47912
0.486415
0.495082
0.610353
0.604367
0.599858
0.59553
0.591425
0.587443
0.585262
0.583423
0.5817
0.580683
0.581085
0.581586
0.319116
0.310945
0.305911
0.301129
0.297171
0.289501
0.286516
0.283672
0.281249
0.27914
0.277139
0.27192
0.270189
0.268557
0.267021
0.26681
0.393066
0.39634
0.399843
0.404688
0.408898
0.413491
0.420836
0.427003
0.433948
0.448479
0.460822
0.442286
0.446254
0.450388
0.454641
0.3904
0.386076
0.390007
0.394103
0.398345
0.40274
0.407269
0.411999
0.416891
0.421964
0.429962
0.435795
0.44213
0.448985
0.450135
0.457892
0.466281
0.475351
0.477762
0.420483
0.404353
0.395431
0.380579
0.370703
0.350132
0.334322
0.261858
0.238933
0.226695
0.221501
0.221632
0.221823
0.436482
0.433569
0.43076
0.428077
0.425466
0.422951
0.420528
0.424218
0.644777
0.641433
0.644409
0.715624
0.712287
0.709087
0.706065
0.703132
0.700329
0.697653
0.695103
0.692675
0.690367
0.688179
0.686108
0.684152
0.68231
0.68058
0.678962
0.677392
0.675991
0.674698
0.673511
0.67247
0.671493
0.67062
0.727237
inf
inf
inf
inf
inf
inf
inf
inf
inf
inf
inf
0.953105
0.777558
0.656745
0.568743
0.501705
0.448952
0.406407
0.341415
0.316507
0.295125
0.276554
0.260259
0.245907
0.233152
0.221748
0.211498
0.202238
0.193839
0.186189
0.179197
0.172786
0.16689
0.161453
0.156428
0.146782
0.142758
0.139009
0.135511
0.132243
0.129186
0.122946
0.12042
0.118047
0.115818
0.113721
0.109174
0.107418
0.105764
0.102009
0.100619
0.0993099
0.0961708
0.0950717
0.0940393
0.0913912
0.09053
0.088189
0.087477
0.0854017
0.0848216
0.0829786
0.0812738
0.0808786
0.0793633
0.0779615
0.0766648
0.0764805
0.0753305
0.0742719
0.0732971
0.0719623
0.0711142
0.0702965
0.0695097
0.068745
0.0680112
0.0673031
0.0666196
0.065956
0.0653192
0.0647043
0.0641068
0.0635336
0.0629763
0.0624418
0.061922
0.0614237
0.0609389
0.0604708
0.0600224
0.0595861
0.059165
0.0587622
0.0583701
0.0579919
0.0576308
0.0572793
0.0569407
0.0566145
0.0563006
0.0560018
0.0557114
0.0554322
0.0551641
0.0549069
0.0546603
0.0544273
0.0542013
0.0539852
0.053779
0.0535824
0.0533952
0.0532174
0.0530487
0.0528891
0.0527383
0.0525964
0.052463
0.0523383
0.0522233
0.0521153
0.0520157
0.0519242
0.0518439
0.0517686
0.0517013
0.051642
0.0515905
0.0515469
0.0515112
0.0514832
0.0514631
0.0514507
0.051446
0.051446
0.0514568
0.0514754
0.0515018
0.051536
0.0515779
0.0516278
0.0516855
0.0517511
0.0518247
0.0519063
0.0519991
0.052097
0.0522031
0.0523176
0.0524391
0.0525704
0.0527103
0.052859
0.0530164
0.0531829
0.0533584
0.0535431
0.0537372
0.0539409
0.0541543
0.0543776
0.0546109
0.0548579
0.055112
0.0553768
0.0556526
0.0559396
0.0562381
0.0565516
0.0568738
0.0572083
0.0575555
0.0579156
0.0582926
0.0586798
0.059081
0.0595003
0.0599311
0.0603772
0.0608428
0.0613212
0.0618164
0.0623329
0.0628637
0.0634171
0.063986
0.0645788
0.0651886
0.0658238
0.0664816
0.0671586
0.0666665
0.0654894
0.0644006
0.0642459
0.0632759
0.0623871
0.0615686
0.0604459
0.0597335
0.0590467
0.0583895
0.0577471
0.0571307
0.0565358
0.0559617
0.0554042
0.0548692
0.0543527
0.0538508
0.0533693
0.0529011
0.0524521
0.0520154
0.0515968
0.0511896
0.0507963
0.0504197
0.0500532
0.0496994
0.049361
0.0490316
0.048714
0.0484106
0.0481153
0.0478309
0.0475569
0.0472931
0.0470422
0.0467982
0.0465637
0.0463385
0.0461224
0.0459152
0.0457195
0.0455296
0.0453481
0.0451749
0.0450097
0.0448525
0.0447031
0.0445614
0.0444273
0.0443006
0.0441814
0.0440693
0.0439645
0.0438707
0.0437801
0.0436963
0.0436194
0.043552
0.0434887
0.0434322
0.0433823
0.0433391
0.0433025
0.0432724
0.0432489
0.043232
0.0432215
0.0432176

0.491889 -0.603425 -1.5697
0.44069
0.444335
0.448135
0.452225
0.456504
0.461223
0.466206
0.471575
0.477789
0.484807
0.493102
0.611499
0.604941
0.600407
0.596054
0.591872
0.587868
0.585347
0.583496
0.581761
0.580388
0.580777
0.581263
0.320877
0.311845
0.306772
0.301949
0.297724
0.290019
0.287019
0.284162
0.281615
0.279492
0.277479
0.272236
0.270495
0.268853
0.267307
0.265858
0.273154
0.395496
0.39892
0.403645
0.40783
0.412291
0.419396
0.425326
0.432023
0.445621
0.457277
0.441921
0.445318
0.449421
0.453653
0.391421
0.385165
0.389078
0.393144
0.397355
0.401719
0.406226
0.410902
0.41576
0.420798
0.428739
0.434529
0.440817
0.447647
0.448779
0.45648
0.464807
0.47381
0.476193
0.485948
0.406659
0.397676
0.382999
0.373313
0.353811
0.339206
0.276754
0.24424
0.230042
0.221269
0.221396
0.221581
0.436958
0.434032
0.431209
0.428503
0.425879
0.42335
0.420915
0.421762
0.645266
0.641903
0.640403
0.7161
0.712743
0.709524
0.706464
0.703513
0.700691
0.697996
0.695427
0.692981
0.690655
0.688449
0.68636
0.684386
0.682527
0.68078
0.679144
0.6776
0.676183
0.674872
0.673669
0.672594
0.6716
0.67071
0.706324
0.910084
inf
inf
inf
inf
inf
inf
inf
inf
inf
inf
0.996376
0.806498
0.677423
0.584316
0.513942
0.458932
0.41471
0.347411
0.321714
0.299688
0.280599
0.263945
0.249232
0.236172
0.224508
0.214032
0.204578
0.196007
0.188206
0.181081
0.174551
0.168548
0.163016
0.157905
0.148104
0.144016
0.140209
0.136657
0.13334
0.130238
0.123913
0.121351
0.118946
0.116685
0.11456
0.109957
0.108178
0.106503
0.102704
0.101296
0.099971
0.0967969
0.095684
0.0946388
0.0919623
0.0910904
0.0887249
0.0880041
0.0859079
0.0853203
0.0834591
0.0817376
0.0813369
0.079807
0.0783916
0.0770825
0.0768946
0.0757375
0.0746684
0.0736839
0.0723353
0.0714792
0.0706538
0.069856
0.0690857
0.0683449
0.0676299
0.0669398
0.0662713
0.0656282
0.0650072
0.0644052
0.0638262
0.0632647
0.0627246
0.0622009
0.0616973
0.0612088
0.0607371
0.0602837
0.059844
0.0594196
0.059012
0.0586168
0.0582356
0.05787
0.0575157
0.0571742
0.0568453
0.0565286
0.0562259
0.0559328
0.0556512
0.0553806
0.055121
0.0548721
0.0546355
0.0544072
0.0541889
0.0539806
0.0537819
0.0535927
0.0534128
0.0532422
0.0530807
0.052928
0.0527842
0.0526491
0.0525226
0.0524032
0.0522935
0.0521922
0.0520991
0.052016
0.0519391
0.0518703
0.0518094
0.0517565
0.0517115
0.0516743
0.051645
0.0516235
0.0516097
0.0516037
0.0516037
0.0516133
0.0516307
0.0516558
0.0516888
0.0517296
0.0517782
0.0518348
0.0518993
0.0519718
0.0520523
0.0521428
0.0522396
0.0523447
0.0524582
0.0525813
0.0527117
0.0528507
0.0529983
0.0531549
0.0533204
0.053495
0.0536789
0.0538721
0.054075
0.0542875
0.0545099
0.0547425
0.0549872
0.0552406
0.0555046
0.0557797
0.0560659
0.0563636
0.056675
0.0569964
0.0573302
0.0576767
0.0580361
0.0584109
0.0587974
0.0591979
0.0596151
0.0600451
0.0604905
0.0609539
0.0614316
0.0619262
0.0624405
0.0629706
0.0635217
0.0640899
0.0646804
0.0652894
0.0659223
0.0665777
0.067254
0.0666942
0.0655117
0.064418
0.0642612
0.0632911
0.0623982
0.0615759
0.0604488
0.0597334
0.0590437
0.0583799
0.0577362
0.0571171
0.0565196
0.0559429
0.0553842
0.0548467
0.0543277
0.0538247
0.0533408
0.0528716
0.0524202
0.0519825
0.0515616
0.0511534
0.0507592
0.0503803
0.0500129
0.0496582
0.0493176
0.0489873
0.0486687
0.0483632
0.0480671
0.0477817
0.0475068
0.0472422
0.0469892
0.0467443
0.0465089
0.0462828
0.0460659
0.0458578
0.0456601
0.0454693
0.0452869
0.0451128
0.0449467
0.0447886
0.0446383
0.0444958
0.0443607
0.0442332
0.044113
0.0440001
0.0438944
0.0437968
0.0437052
0.0436205
0.0435427
0.0434732
0.043409
0.0433515
0.0433006
0.0432564
0.0432188
0.0431877
0.0431632
0.0431452
0.0431337
0.0431287
0.0431288
0.0431368
0.0431513
0.0431723
0.0431998
0.0432339
0.0432746
0.0433219
0.0433758
0.0434364
0.0435037
0.0435793
0.0436603
0.0437481
0.0438429
0.0439436
0.0440526
0.0441687
0.0442922
0.044423
0.0445613
0.0447073
0.0448609
0.0450224
0.0451919
0.0453696
0.0455555
0.0457498
0.0459544
0.0461661
0.0463868
0.0466166
0.0468559
0.0471046
0.0473649
0.0476336
0.0479125
0.0482021
0.0485025
0.0488157
0.0491387
0.0494734
0.0498221
0.0501815
0.0505537
0.050941
0.0513403
0.0517536
0.0521834
0.0526265
0.053087
0.0535619
0.0540554
0.0545644
0.0550934
0.0556411
0.0562063
0.0567937
0.0574021
0.0580325
0.0586837
0.0593592
0.060061
0.0607888
0.0619351
0.0627716
0.06368
0.0646667
0.0648302
0.0659428
0.0671459
0.0684465
0.0687908
0.0702546
0.0718378
0.0723412
0.0741251
0.0747421
0.0767559
0.0775019
0.0797819
0.0806761
0.0816281
0.0843348
0.085469
0.086674
0.089918
0.0913529
0.0928774
0.0968148
0.0986378
0.100578
0.102643
0.104843
0.110272
0.112941
0.115797
0.118857
0.12214
0.125667
0.134127
0.13855
0.143344
0.148551
0.154225
0.160425
0.167224
0.174709
0.182983
0.19217
0.202424
0.213934
0.226941
0.241782
0.258785
0.278495
0.301607
0.362725
0.403456
0.454687
0.521104
0.428591
0.425043
0.427891
0.430874
0.433996
0.437268
0.44069

0.486937 -0.401301 3.12277
0.283388
0.280277
0.277144
0.274014
0.270844
0.267672
0.264497
0.261302
0.25816
0.255085
0.252056
0.245678
0.242819
0.240034
0.237369
0.234808
0.232343
0.229979
0.227715
0.225546
0.22353
0.221651
0.219848
0.218126
0.21655
0.215072
0.213688
0.212388
0.209175
0.208145
0.207223
0.206368
0.205577
0.204893
0.203883
0.210639
0.561975
0.551842
0.542303
0.52143
0.513415
0.505861
0.488535
0.482171
0.476178
0.461636
0.456597
0.451866
0.439559
0.435613
0.424711
0.421453
0.411772
0.409126
0.400517
0.392549
0.390764
0.383676
0.377114
0.371042
0.370246
0.364879
0.359921
0.355356
0.349107
0.34514
0.341318
0.337627
0.333983
0.33056
0.327258
0.324074
0.320915
0.317953
0.315095
0.312253
0.309594
0.306944
0.30447
0.302
0.299699
0.297398
0.295177
0.293115
0.291047
0.289052
0.287208
0.285354
0.283566
0.281922
0.280264
0.278667
0.277131
0.275654
0.27431
0.272946
0.271638
0.270383
0.26918
0.268029
0.267003
0.265952
0.26495
0.263995
0.263087
0.262225
0.261409
0.260637
0.259909
0.259225
0.258583
0.257984
0.257427
0.256905
0.25643
0.255995
0.255601
0.255318
0.255002
0.254727
0.25449
0.254292
0.254133
0.254012
0.25393
0.253886
0.253881
0.253913
0.253913
0.254023
0.25417
0.254356
0.254581
0.254844
0.255146
0.255488
0.255868
0.256289
0.256749
0.257321
0.257863
0.250773
0.23639
0.223679
0.212327
0.202152
0.192984
0.184687
0.177146
0.170267
0.16397
0.158188
0.152863
0.147948
0.1434
0.139182
0.131017
0.127609
0.124427
0.121452
0.118666
0.116054
0.11068
0.108511
0.106471
0.104551
0.102744
0.0987897
0.0972711
0.0958401
0.0925575
0.0913519
0.0902166
0.0874615
0.086507
0.0856106
0.083279
0.0825313
0.0804659
0.0798487
0.0780147
0.0775133
0.0758823
0.0743725
0.0740342
0.0726911
0.0714478
0.0702974
0.0701466
0.0691299
0.0681905
0.0673256
0.0661418
0.0653902
0.064666
0.0639664
0.0632762
0.0626276
0.0620021
0.0613988
0.0608002
0.060239
0.0596977
0.0591591
0.0586553
0.0581533
0.0576846
0.0572167
0.0567807
0.0563447
0.055924
0.0555333
0.0551415
0.0547636
0.0544142
0.0540628
0.0537242
0.0534127
0.0530985
0.052796
0.0525049
0.0522251
0.0519705
0.0517121
0.0514642
0.0512265
0.0509987
0.0507806
0.0505862
0.050387
0.0501971
0.0500162
0.0498442
0.0496809
0.0495262
0.04938
0.0492421
0.0491125
0.048991
0.0488774
0.0487718
0.0486729
0.0485828
0.0485005
0.0484258
0.0483721
0.0483124
0.0482602
0.0482153
0.0481778
0.0481477
0.0481248
0.0481092
0.0481009
0.0480999
0.0481061
0.0481061
0.0481268
0.0481547
0.04819
0.0482325
0.0482824
0.0483397
0.0484044
0.0484765
0.0485561
0.0486433
0.0487517
0.0488543
0.0489646
0.0490827
0.04921
0.0493442
0.0494864
0.0496369
0.0497958
0.0499632
0.0501391
0.0503238
0.0505175
0.0507201
0.0509321
0.0511534
0.0513843
0.0516395
0.0518902
0.0521511
0.0524225
0.0527045
0.0529975
0.0533166
0.0536323
0.0539598
0.0542993
0.0546512
0.0550314
0.0554093
0.0558006
0.0562217
0.0566413
0.0570756
0.0575415
0.0580068
0.0584884
0.0590035
0.0595192
0.06007
0.0606224
0.0612115
0.0618033
0.0624336
0.0630857
0.0637425
0.0644408
0.0651637
0.0659123
0.0666686
0.0674732
0.0683052
0.0691676
0.0705254
0.0715165
0.0725927
0.0737575
0.0739671
0.0752853
0.0767117
0.0782548
0.0786784
0.0804171
0.0822995
0.0829134
0.0850381
0.0857885
0.0881922
0.0890986
0.0918271
0.0929139
0.0940709
0.0973234
0.0987041
0.100172
0.10409
0.105842
0.107706
0.112492
0.114731
0.117117
0.119662
0.122378
0.129061
0.132379
0.135939
0.139763
0.143877
0.148314
0.158965
0.164594
0.170721
0.17741
0.184737
0.192792
0.201682
0.211536
0.222513
0.234817
0.248681
0.264421
0.282434
0.229845
0.223461
0.223575
0.224803
0.227766
0.229148
0.230591
0.232093
0.233656
0.235309
0.237024
0.238804
0.240664
0.242612
0.244629
0.244629
0.246763
0.249079
0.251476
0.253954
0.25667
0.259494
0.262415
0.265628
0.268958
0.272553
0.2805
0.285692
0.291248
0.29933
0.3125
0.405723
0.403199
0.400784
0.398478
0.396277
0.394181
0.392187
0.390362
0.389672
0.38906
0.388525
0.388067
0.385939
0.386818
0.387767
0.388789
0.389884
0.391925
0.394605
0.397339
0.400896
0.404564
0.408738
0.415721
0.42116
0.426849
0.436754
0.443633
0.451035
0.463494
0.471953
0.480809
0.821449
0.820076
0.706175
0.146114
0.140879
0.139102
0.136434
0.134031
0.133571
0.131429
0.129496
0.128253
0.128385
0.127297
0.126306
0.125406
0.124194
0.123442
0.122735
0.122108
0.121248
0.120921
0.120634
0.120388
0.11968
0.119508
0.119375
0.11877
0.118707
0.118167
0.118171
0.117694
0.117764
0.117346
0.116956
0.117283
0.117045
0.116835
0.117286
0.117132
0.117005
0.117553
0.117481
0.117435
0.117415
0.117419
0.118123
0.118182
0.118266
0.118375
0.118508
0.118666
0.119559
0.119772
0.341806
0.355188
0.369844
0.385955
0.388309
0.387163
0.386082
0.385065
0.384112
0.383222
0.382394
0.327991
0.324495
0.321404
0.318408
0.313108
0.31024
0.307331
0.304432
0.301507
0.298643
0.295621
0.292631
0.289604
0.286497
0.283388

0.285315 -0.411559 1.49507
0.0651824
0.066024
0.0668973
0.0678036
0.0687443
0.0697531
0.0708162
0.071921
0.0730695
0.0742673
0.0755699
0.0781979
0.250399
0.251143
0.251929
0.25275
0.25362
0.254533
0.25549
0.256492
0.257539
0.258632
0.259772
0.26096
0.262196
0.263482
0.264819
0.266207
0.267918
0.269415
0.270967
0.272576
0.274243
0.275969
0.278038
0.27989
0.281806
0.283788
0.285838
0.288252
0.290446
0.292714
0.295361
0.297787
0.300294
0.303198
0.305879
0.308649
0.311835
0.314797
0.318189
0.321358
0.324972
0.328363
0.332215
0.336197
0.339956
0.344207
0.348602
0.344836
0.344361
0.33987
0.335726
0.331914
0.326706
0.323405
0.320231
0.317176
0.313954
0.311135
0.308423
0.305816
0.30303
0.300622
0.298307
0.295807
0.29367
0.291347
0.289376
0.287216
0.285402
0.283396
0.281465
0.279867
0.278076
0.276352
0.274953
0.273359
0.271827
0.27061
0.269197
0.267842
0.266544
0.2653
0.264361
0.263223
0.262137
0.261102
0.260116
0.259178
0.258535
0.257691
0.256894
0.256142
0.255434
0.254771
0.254151
0.253573
0.253038
0.252544
0.252091
0.25168
0.251308
0.250973
0.250682
0.250429
0.250216
0.250284
0.250148
0.250051
0.249992
0.249971
0.249988
0.250044
0.250137
0.250268
0.250438
0.250646
0.250646
0.250929
0.251251
0.251612
0.252011
0.25245
0.252927
0.253444
0.254002
0.254599
0.255237
0.25617
0.256891
0.257654
0.25846
0.259313
0.260206
0.261143
0.262125
0.263153
0.264227
0.265349
0.266518
0.267737
0.269005
0.270325
0.271696
0.27312
0.274876
0.276412
0.278004
0.279655
0.0975348
0.0970009
0.0954871
0.0950299
0.0946024
0.0942041
0.0938348
0.0928815
0.0946789
0.0965456
0.0997835
0.101843
0.103984
0.107691
0.110064
0.112535
0.116808
0.119528
0.12317
0.125626
0.129607
0.132301
0.136663
0.140651
0.143016
0.146442
0.150017
0.153637
0.155687
0.158151
0.1607
0.16334
0.165715
0.167379
0.169191
0.170188
0.169696
0.170685
0.171749
0.172101
0.171443
0.171921
0.172231
0.171392
0.171368
0.170623
0.170604
0.169729
0.169456
0.168666
0.167917
0.167602
0.166793
0.166023
0.16571
0.165014
0.164265
0.163873
0.16319
0.16254
0.161924
0.161321
0.161042
0.160495
0.159979
0.159494
0.15903
0.15859
0.158464
0.158081
0.157726
0.157415
0.157141
0.156893
0.156672
0.156477
0.156308
0.156221
0.156172
0.15615
0.156152
0.156177
0.156253
0.156406
0.156586
0.157259
0.157503
0.157864
0.158251
0.158666
0.159108
0.159613
0.160227
0.160871
0.161545
0.16225
0.16225
0.163177
0.16416
0.165179
0.166235
0.167495
0.168805
0.170159
0.171652
0.173315
0.175032
0.178739
0.180937
0.183359
0.185954
0.188721
0.178587
0.120503
0.116103
0.112306
0.112765
0.113243
0.113742
0.114262
0.114804
0.115367
0.115952
0.11656
0.117309
0.117965
0.118644
0.119349
0.120079
0.120834
0.12174
0.122551
0.12339
0.124258
0.125156
0.126213
0.127174
0.128167
0.129326
0.130388
0.131486
0.132757
0.133931
0.135144
0.136539
0.137836
0.139322
0.140709
0.142292
0.143776
0.145463
0.147207
0.148853
0.150714
0.152639
0.15463
0.156525
0.158659
0.160864
0.163148
0.166744
0.169369
0.17222
0.175309
0.175977
0.179477
0.183271
0.187386
0.188627
0.193282
0.19834
0.200104
0.205847
0.20448
0.203097
0.201581
0.200308
0.142063
0.139374
0.135271
0.133093
0.131039
0.12799
0.126091
0.124252
0.121496
0.119793
0.118105
0.116457
0.11486
0.112404
0.110829
0.109294
0.107808
0.106368
0.104963
0.102596
0.101239
0.0999252
0.0986178
0.0972744
0.0959752
0.0947185
0.0935021
0.0922804
0.0910653
0.08989
0.088753
0.0876531
0.0865161
0.0853923
0.0843052
0.0832545
0.0813251
0.0803067
0.0793229
0.0783723
0.077454
0.0765176
0.0756074
0.0747285
0.07388
0.0730607
0.0722399
0.0722399
0.0714361
0.0706601
0.0699118
0.0691903
0.0684941
0.0677949
0.0671183
0.0664667
0.0658393
0.0652353
0.0639467
0.0633575
0.062791
0.0622467
0.0617222
0.0612204
0.060739
0.0602646
0.0598099
0.0593746
0.0589582
0.0585601
0.05818
0.0578178
0.0574694
0.0571309
0.0568094
0.0559607
0.0556806
0.0554165
0.0551682
0.0549357
0.0547105
0.053981
0.0537828
0.0535997
0.0534316
0.0532782
0.0526694
0.0525509
0.0524469
0.05191
0.0518395
0.0517834
0.0513141
0.0512906
0.0512816
0.0508768
0.0508998
0.0505355
0.0505847
0.0502565
0.050338
0.0500531
0.0497933
0.0499251
0.0497075
0.0495142
0.0493451
0.0495459
0.0494176
0.0493139
0.049234
0.0491514
0.0491197
0.0491086
0.0491187
0.0488603
0.0489065
0.0489726
0.0490585
0.0488639
0.0489853
0.0491264
0.0489767
0.0491529
0.0490319
0.0492435
0.0491507
0.0493967
0.0493314
0.049279
0.049575
0.0495496
0.0495367
0.0498834
0.0498977
0.0499244
0.0503237
0.0503774
0.0504433
0.0505214
0.0506116
0.0510963
0.0512146
0.0513451
0.0514881
0.0516584
0.0518438
0.0524747
0.0526916
0.0529219
0.0531659
0.0534237
0.0536953
0.053981
0.0542813
0.0545962
0.054926
0.0552711
0.055632
0.0560088
0.0564031
0.0568177
0.0572692
0.0577389
0.0588239
0.0593429
0.059882
0.060445
0.061042
0.0616617
0.0623047
0.0629715
0.0636627
0.0643809
0.0651824

0.289766 -0.426577 0.0144893
0.245349
0.245354
0.245396
0.245476
0.245592
0.245745
0.245936
0.246164
0.24643
0.246734
0.247076
0.247424
0.247843
0.248301
0.248798
0.249329
0.249906
0.250524
0.251183
0.251883
0.252626
0.253412
0.254241
0.255115
0.256033
0.256997
0.258008
0.259066
0.260139
0.261295
0.262501
0.263758
0.265068
0.266432
0.267816
0.269291
0.270824
0.272416
0.274069
0.275748
0.277527
0.279372
0.281249
0.283231
0.285286
0.287377
0.289582
0.291866
0.294193
0.296643
0.299141
0.301767
0.101398
0.101419
0.100567
0.0997779
0.0999116
0.0992229
0.0985931
0.0984215
0.100819
0.104697
0.108837
0.113261
0.120546
0.126126
0.130771
0.135931
0.137969
0.144072
0.149659
0.154758
0.156717
0.162482
0.16656
0.167948
0.172565
0.17329
0.176337
0.177199
0.179655
0.179839
0.180076
0.181874
0.181665
0.1815
0.182528
0.182238
0.181767
0.182063
0.18167
0.181156
0.180565
0.18001
0.17995
0.179371
0.178752
0.178168
0.177616
0.177097
0.176739
0.176174
0.17564
0.175137
0.174656
0.174183
0.173739
0.173325
0.17294
0.172583
0.172239
0.171924
0.171636
0.171375
0.171142
0.170963
0.170813
0.170851
0.170754
0.17075
0.170784
0.170845
0.170931
0.171044
0.171268
0.17152
0.171798
0.172103
0.172103
0.172502
0.173002
0.17353
0.174087
0.174677
0.175423
0.176201
0.177012
0.177856
0.178938
0.180888
0.182126
0.183522
0.184964
0.186473
0.18824
0.190062
0.191996
0.194275
0.196629
0.199212
0.20198
0.204939
0.193739
0.135616
0.130949
0.128493
0.129025
0.129599
0.130197
0.130821
0.13147
0.132147
0.132833
0.133565
0.134325
0.135115
0.135934
0.136768
0.13765
0.138565
0.139496
0.140479
0.141498
0.142535
0.143629
0.144762
0.145916
0.147131
0.14837
0.149673
0.151002
0.152399
0.153827
0.155305
0.156857
0.158444
0.16009
0.161795
0.163584
0.165419
0.167321
0.169293
0.172401
0.174669
0.177133
0.179801
0.180219
0.183236
0.186498
0.190022
0.190932
0.194896
0.199181
0.20052
0.205342
0.206987
0.212424
0.214414
0.216949
0.215195
0.213502
0.1504
0.147052
0.144131
0.139924
0.137442
0.135048
0.131314
0.1291
0.126909
0.124794
0.12275
0.11929
0.117276
0.115333
0.113396
0.111483
0.109637
0.106469
0.104626
0.102849
0.101136
0.0993742
0.0976724
0.0960335
0.094429
0.0927561
0.0911474
0.0895997
0.0880713
0.0865476
0.0850799
0.08367
0.082266
0.0808747
0.07837
0.0770791
0.0757932
0.0745579
0.0733706
0.0722191
0.0710673
0.0699607
0.0688972
0.0678753
0.0668528
0.0668528
0.0658461
0.06488
0.0639521
0.0630608
0.0621918
0.0613478
0.0605374
0.0597588
0.0590109
0.058293
0.0568021
0.0561411
0.0555062
0.0548968
0.0543124
0.0537405
0.0531722
0.0526274
0.0521054
0.0516053
0.0511263
0.0506679
0.0502299
0.0498106
0.04941
0.0490277
0.0486633
0.0477682
0.0474481
0.0471443
0.0468563
0.0465783
0.046312
0.0455683
0.04534
0.0451261
0.0449266
0.0447411
0.0441213
0.0439694
0.0438309
0.0432835
0.0431769
0.0430832
0.0426023
0.0425388
0.042488
0.0420691
0.0420476
0.0416713
0.0416781
0.041343
0.0413786
0.0410833
0.0408113
0.0408905
0.0406563
0.0404441
0.0402536
0.0403918
0.0402382
0.0401051
0.0399931
0.0398585
0.0397867
0.0397307
0.03969
0.0394568
0.0394447
0.0394475
0.0394651
0.0392823
0.0393265
0.0393851
0.0392375
0.0393221
0.0391967
0.0393069
0.039203
0.0393386
0.0392558
0.0391829
0.0393545
0.0393019
0.0392588
0.0394664
0.0394534
0.0394499
0.0397151
0.0397318
0.0397577
0.0397927
0.0398369
0.0401631
0.0402277
0.0403015
0.0403845
0.0404764
0.0405776
0.0409808
0.0411037
0.041236
0.0413779
0.0415293
0.0416905
0.0418613
0.0420421
0.0422328
0.0424339
0.0426501
0.0428874
0.0431357
0.0433947
0.0436656
0.043948
0.0442423
0.0449353
0.0452602
0.0455992
0.0459601
0.0463347
0.0467235
0.0471268
0.047545
0.0479784
0.0484276
0.0488927
0.0488927
0.049398
0.0499435
0.0505085
0.0510933
0.0516988
0.0523259
0.0529753
0.0536499
0.0543795
0.0551356
0.0566294
0.0574618
0.0583253
0.059255
0.0602296
0.0612413
0.0622926
0.0633854
0.234591
0.235283
0.236015
0.236787
0.237601
0.238456
0.239354
0.240296
0.241281
0.242281
0.243357
0.24448
0.245651
0.246872
0.248142
0.249431
0.250805
0.252232
0.253715
0.255254
0.256819
0.258476
0.260194
0.261942
0.263788
0.265702
0.26765
0.269703
0.27183
0.273998
0.276279
0.278606
0.281053
0.28355
0.286173
0.288853
0.291629
0.294543
0.297524
0.300614
0.303816
0.307175
0.310612
0.314182
0.317886
0.323714
0.327972
0.332597
0.336186
0.332424
0.328751
0.325204
0.321779
0.318513
0.315318
0.312231
0.309289
0.306407
0.303661
0.30097
0.298407
0.295893
0.293502
0.291192
0.288924
0.286769
0.284688
0.282642
0.280703
0.278832
0.27699
0.275248
0.273569
0.271951
0.270391
0.268854
0.267409
0.266019
0.264682
0.263398
0.262165
0.260949
0.259816
0.258731
0.257694
0.256703
0.255758
0.254858
0.254002
0.253189
0.25242
0.251692
0.251007
0.250362
0.249765
0.249201
0.248677
0.248193
0.247716
0.247309
0.246941
0.24661
0.246318
0.246063
0.245846
0.245666
0.245523
0.245418
0.245349

0.490876 -0.424538 -1.52731
0.255237
0.257114
0.259083
0.261121
0.263232
0.265451
0.267745
0.270116
0.272689
0.275348
0.278114
0.283744
0.287002
0.290497
0.294109
0.298363
0.302872
0.308103
0.313945
0.321915
0.333918
0.429885
0.427329
0.424894
0.422579
0.42038
0.418297
0.416327
0.412137
0.411545
0.411037
0.410616
0.410282
0.410608
0.410443
0.411557
0.412783
0.415223
0.417757
0.420849
0.424539
0.428346
0.434641
0.439752
0.445314
0.454176
0.460812
0.467764
0.479115
0.487204
0.500021
0.166352
0.15948
0.158475
0.155179
0.152128
0.151454
0.149285
0.147561
0.145966
0.146029
0.144628
0.143344
0.142172
0.140744
0.140049
0.139405
0.138811
0.137768
0.137266
0.136809
0.136396
0.135526
0.135196
0.134908
0.134155
0.133977
0.133399
0.133468
0.132961
0.133105
0.132665
0.132258
0.132509
0.132166
0.131854
0.132209
0.131958
0.131736
0.132194
0.132032
0.131898
0.131792
0.131714
0.278331
0.284307
0.290673
0.29746
0.304704
0.312445
0.330998
0.340507
0.350731
0.361746
0.373637
0.386504
0.399385
0.3979
0.396485
0.395137
0.393857
0.392642
0.339371
0.334942
0.331126
0.327542
0.324076
0.317815
0.314402
0.310965
0.307511
0.304098
0.300518
0.296938
0.29336
0.289613
0.285851
0.282087
0.282087
0.278355
0.274508
0.270693
0.266835
0.262961
0.25917
0.25545
0.251711
0.248092
0.244593
0.237464
0.234291
0.231249
0.228341
0.225551
0.222907
0.220475
0.218146
0.215916
0.213864
0.211922
0.210105
0.208373
0.206819
0.205359
0.204007
0.202758
0.1996
0.19857
0.199028
0.20389
0.663251
0.64577
0.610853
0.596634
0.583331
0.570876
0.559205
0.534474
0.524794
0.515701
0.495568
0.487976
0.480837
0.464201
0.458229
0.452621
0.438716
0.434041
0.421821
0.417948
0.407167
0.403993
0.394456
0.385657
0.383452
0.375651
0.368445
0.361789
0.360666
0.354785
0.349353
0.34435
0.337491
0.333138
0.328936
0.324872
0.321117
0.317332
0.313675
0.310141
0.306879
0.303575
0.300381
0.29744
0.294451
0.291705
0.288906
0.286341
0.283719
0.281323
0.279006
0.276629
0.274465
0.272374
0.270218
0.268266
0.26638
0.264427
0.262669
0.260971
0.259332
0.257751
0.2561
0.25463
0.253214
0.25185
0.250538
0.249274
0.247938
0.246772
0.245653
0.244579
0.243551
0.242567
0.241626
0.240727
0.239871
0.239055
0.238281
0.237546
0.236851
0.236189
0.235572
0.234992
0.23445
0.233832
0.233364
0.232933
0.232539
0.23218
0.231857
0.23157
0.231318
0.231101
0.230919
0.230772
0.230772
0.230695
0.230653
0.230645
0.230672
0.230735
0.230832
0.230964
0.231132
0.231335
0.231573
0.231736
0.232046
0.232392
0.232776
0.233201
0.233659
0.234154
0.233733
0.22044
0.208682
0.198209
0.188828
0.180381
0.172741
0.165801
0.159473
0.153685
0.142832
0.13832
0.134148
0.130281
0.12669
0.123351
0.11668
0.113963
0.111423
0.109044
0.106815
0.102092
0.100244
0.0985075
0.0946627
0.0932129
0.0918497
0.0886727
0.0875323
0.0864613
0.0838059
0.082913
0.0805791
0.0798395
0.0777804
0.0771743
0.0753529
0.0736723
0.0732512
0.0717611
0.0703847
0.0691131
0.0688987
0.0677735
0.066736
0.0657806
0.0644709
0.0636392
0.0628366
0.0620618
0.0613445
0.0606214
0.0599228
0.0592477
0.0586246
0.0579934
0.0573832
0.0568214
0.0562504
0.0557258
0.0551911
0.0547011
0.0542003
0.0537425
0.0533
0.0528459
0.0524325
0.052033
0.0516212
0.0512483
0.050888
0.0505149
0.050179
0.0498547
0.0495416
0.0492396
0.0489241
0.0486434
0.0483729
0.0481123
0.0478615
0.0476202
0.0473649
0.0471422
0.0469284
0.0467233
0.0465269
0.0463388
0.0461591
0.0459875
0.0458238
0.0456681
0.0455201
0.0453798
0.045247
0.0451217
0.0450037
0.044893
0.0447895
0.0446713
0.044582
0.0444997
0.0444243
0.0443558
0.0442941
0.0442392
0.044191
0.0441496
0.0441149
0.0440868
0.0440868
0.0440721
0.044064
0.0440625
0.0440677
0.0440796
0.0440982
0.0441235
0.0441555
0.0441943
0.0442398
0.0442708
0.0443301
0.0443963
0.0444695
0.0445498
0.0446372
0.0447317
0.0448336
0.0449429
0.0450596
0.0451838
0.0453158
0.0454555
0.0456032
0.0457589
0.0459228
0.046095
0.0462536
0.0464428
0.0466409
0.046848
0.0470642
0.0472899
0.0475025
0.0477475
0.0480026
0.048268
0.048544
0.0488076
0.0491054
0.0494148
0.0497123
0.0500454
0.050391
0.0507254
0.0510969
0.0514821
0.0518569
0.0522707
0.0526746
0.0531189
0.0535541
0.054031
0.0544996
0.0549858
0.0555162
0.0560398
0.056583
0.0571468
0.0577589
0.0583664
0.0589971
0.0596521
0.0606846
0.0614387
0.0622581
0.0631466
0.0632674
0.0642709
0.0653551
0.0665259
0.0668106
0.0681259
0.0695456
0.069972
0.0715667
0.0720932
0.0738864
0.0745253
0.076546
0.0773123
0.0781286
0.0805095
0.0814796
0.0825096
0.0853362
0.0865566
0.0878509
0.091241
0.092777
0.094407
0.0961374
0.0979751
0.102542
0.104744
0.10709
0.109591
0.11226
0.115113
0.121948
0.125451
0.129217
0.133276
0.13766
0.142405
0.14755
0.153146
0.159251
0.165934
0.173276
0.181375
0.190347
0.200336
0.21152
0.224119
0.238403
0.274005
0.295973
0.321906
0.250616
0.245671
0.247105
0.248596
0.250145
0.251774
0.253474
0.255237

0.494539 -0.221246 -3.10337
0.266322
0.262484
0.258684
0.254817
0.251019
0.247082
0.243173
0.239243
0.235267
0.231329
0.227178
0.218317
0.214056
0.209512
0.205101
0.200297
0.195565
0.190672
0.185754
0.180714
0.175684
0.170767
0.16591
0.161249
0.156901
0.152836
0.149043
0.145513
0.138672
0.136102
0.133674
0.13145
0.129649
0.127941
0.124084
0.123026
0.122026
0.121079
0.120185
0.118025
0.117648
0.117306
0.115895
0.115637
0.115412
0.114841
0.115036
0.11526
0.114826
0.115113
0.114958
0.115674
0.116112
0.116892
0.117396
0.117934
0.118817
0.120109
0.121493
0.122926
0.124355
0.125888
0.127585
0.130183
0.134293
0.137312
0.140611
0.145282
0.147246
0.153278
0.160036
0.169794
0.175003
0.188818
0.328485
0.327373
0.328493
0.327698
0.329189
0.328664
0.532012
0.527555
0.523246
0.518858
0.514834
0.510946
0.506971
0.503342
0.499837
0.49624
0.492973
0.489819
0.486776
0.483841
0.480805
0.478078
0.475451
0.472922
0.470488
0.468147
0.465699
0.46354
0.461468
0.459482
0.45758
0.455761
0.454023
0.452365
0.450785
0.449282
0.447856
0.446505
0.445227
0.444011
0.442879
0.441819
0.440829
0.439723
0.438872
0.438091
0.437377
0.436731
0.436151
0.435639
0.435193
0.434813
0.434499
0.434251
0.434251
0.434134
0.434082
0.434096
0.434175
0.43432
0.434531
0.434808
0.435152
0.435562
0.436039
0.362356
0.327416
0.298776
0.274879
0.254682
0.237327
0.222291
0.209143
0.197558
0.187277
0.178098
0.169858
0.162423
0.155686
0.149556
0.143958
0.138831
0.129189
0.125178
0.121465
0.118021
0.11482
0.111842
0.105876
0.103448
0.101175
0.0990468
0.0970513
0.0928114
0.0911545
0.0895974
0.0861397
0.0848385
0.0836149
0.0807536
0.0797294
0.0787675
0.0763732
0.0755711
0.0734652
0.0728008
0.0709418
0.0703977
0.0687523
0.0672337
0.0668564
0.0655095
0.064265
0.0631153
0.0629248
0.0619089
0.0609706
0.0601065
0.0589234
0.0581713
0.0574456
0.0567437
0.0560917
0.0554382
0.0548069
0.0541969
0.0536306
0.0530604
0.0525093
0.0519988
0.0514832
0.0510066
0.0505241
0.0500789
0.0496272
0.0492114
0.0488094
0.0484001
0.0480248
0.047662
0.0472912
0.0469528
0.0466258
0.0462902
0.0459854
0.0456913
0.0454074
0.0451336
0.0448504
0.044596
0.044351
0.0441151
0.043888
0.0436696
0.0434413
0.0432399
0.0430466
0.0428613
0.0426839
0.0425142
0.0423521
0.0421974
0.04205
0.0419099
0.0417768
0.0416508
0.0415316
0.0414183
0.0413127
0.0412138
0.0411214
0.0410183
0.0409389
0.040866
0.0407994
0.0407391
0.0406851
0.0406373
0.0405957
0.0405603
0.040531
0.0405078
0.0405078
0.0404969
0.0404921
0.0404934
0.0405008
0.0405143
0.040534
0.0405598
0.0405918
0.0406301
0.0406746
0.0407083
0.0407654
0.0408289
0.0408989
0.0409763
0.0410593
0.0411489
0.0412452
0.0413484
0.0414584
0.0415753
0.0416994
0.0418306
0.0419692
0.0421151
0.0422686
0.0424298
0.0425811
0.042758
0.0429431
0.0431364
0.0433383
0.0435488
0.0437501
0.0439785
0.0442162
0.0444634
0.0447204
0.0449689
0.0452461
0.045534
0.0458138
0.0461236
0.046445
0.046759
0.0471044
0.0474624
0.0478139
0.0481983
0.0485768
0.0489895
0.0493968
0.0498398
0.0502782
0.0507329
0.0512254
0.0517148
0.0522225
0.0527492
0.0533174
0.053886
0.0544749
0.0550863
0.0560507
0.0567547
0.0575195
0.0583473
0.0584632
0.0593998
0.0604118
0.0615047
0.0617736
0.0630016
0.0643275
0.0647287
0.0662185
0.0667135
0.0683895
0.0689897
0.0708794
0.0715992
0.0723658
0.0745942
0.0755055
0.076473
0.0473619
0.0472967
0.0472421
0.0474567
0.0474243
0.0474023
0.0473905
0.0473889
0.0476659
0.047686
0.0477161
0.0477562
0.0478062
0.0478662
0.0482188
0.0483006
0.0483924
0.0484942
0.048606
0.0487279
0.0488614
0.0490082
0.0491652
0.0493325
0.0495103
0.0496985
0.0498974
0.0501078
0.0503282
0.0505596
0.050802
0.0513986
0.0516679
0.0519488
0.0522417
0.0525467
0.052864
0.0531939
0.0535417
0.0539045
0.0542808
0.0546708
0.0546708
0.0550831
0.05551
0.0559517
0.0564086
0.0568811
0.0573696
0.0578744
0.058396
0.0589349
0.0594913
0.0605599
0.0611725
0.0618051
0.0624582
0.0631313
0.0638274
0.0645461
0.0652881
0.0660541
0.0668448
0.0676615
0.0685169
0.0694296
0.0703727
0.0713473
0.0723546
0.0733958
0.0752412
0.0763738
0.0775452
0.07882
0.0801599
0.0815485
0.0840069
0.0855306
0.0871114
0.088769
0.090596
0.0938572
0.0958854
0.0979983
0.102311
0.105229
0.108301
0.115015
0.120055
0.125506
0.230473
0.230776
0.229653
0.230522
0.230288
0.231285
0.231196
0.231186
0.232386
0.232527
0.23275
0.233517
0.235518
0.236986
0.238545
0.24019
0.242895
0.246143
0.249667
0.253497
0.254394
0.260416
0.267204
0.276528
0.280565
0.293865
0.311658
0.321384
0.349607
0.541385
0.536264
0.531539
0.526744
0.522331
0.518065
0.51372
0.515346
0.521948
0.54002
0.547846
0.556148
0.577852
0.587712
0.598179
0.609295
0.621103
0.650412
0.664579
0.679676
0.695778
0.712975
0.722496
0.497651
0.501209
0.50475
0.508268
0.511545
0.514636
0.517431
0.519833
0.521657
0.522798
0.396968
0.395771
0.394639
0.393581
0.392578
0.391638
0.39076
0.38978
0.389026
0.388333
0.295389
0.290864
0.286514
0.282297
0.278165
0.274115
0.270178
0.266322

0.297648 -0.206836 1.72299
0.0449961
0.045092
0.0451951
0.0453055
0.0454232
0.0455482
0.0456807
0.0458207
0.0459683
0.0461235
0.0462866
0.0465516
0.0467311
0.0469187
0.0471145
0.0473166
0.0475209
0.0477088
0.047905
0.0481098
0.0483233
0.0485456
0.0487769
0.0490173
0.0492671
0.0495265
0.0497956
0.0500746
0.0504329
0.050733
0.0510438
0.0513656
0.0516804
0.0519851
0.0523331
0.0526606
0.0529999
0.0533512
0.053715
0.0541251
0.0545151
0.0549186
0.0553704
0.0558025
0.0562494
0.0567262
0.0571752
0.0576399
0.0581275
0.0586255
0.0591476
0.0596813
0.0602404
0.0608123
0.0614113
0.0620313
0.0626662
0.0633031
0.0639464
0.0646133
0.0653205
0.0660354
0.0667798
0.0675521
0.0687692
0.0696577
0.0706226
0.0716717
0.0718288
0.0730103
0.0742874
0.075667
0.0760165
0.0775671
0.0792533
0.0797767
0.0816753
0.0823188
0.0844582
0.0852373
0.087858
0.0889407
0.0900935
0.0933075
0.094757
0.0966148
0.101409
0.104164
0.108578
0.29158
0.289212
0.286917
0.284695
0.282543
0.279909
0.277897
0.275948
0.274063
0.272238
0.270474
0.268249
0.266603
0.265014
0.263479
0.261996
0.260566
0.259187
0.257857
0.256577
0.255344
0.254159
0.25302
0.251927
0.250871
0.249867
0.248906
0.247988
0.24665
0.245818
0.245027
0.244277
0.243567
0.242897
0.242265
0.241673
0.24112
0.240605
0.240127
0.240127
0.239724
0.239359
0.23903
0.238739
0.238486
0.238269
0.238089
0.237947
0.237841
0.237773
0.237315
0.237322
0.237366
0.237448
0.237574
0.237731
0.237927
0.238161
0.238434
0.238746
0.239097
0.220236
0.217292
0.214486
0.211846
0.209336
0.206941
0.201608
0.199543
0.197577
0.195722
0.193975
0.192315
0.188184
0.186813
0.185525
0.184309
0.183165
0.179944
0.179053
0.178225
0.175493
0.174817
0.174221
0.171947
0.171531
0.17117
0.169184
0.168951
0.167381
0.167392
0.16601
0.166136
0.164917
0.163851
0.164266
0.163512
0.16284
0.162248
0.162891
0.162443
0.162178
0.162221
0.162402
0.162604
0.162882
0.163231
0.162537
0.16312
0.164259
0.165501
0.165332
0.166748
0.168275
0.168299
0.170012
0.170163
0.173323
0.174284
0.177856
0.179028
0.180286
0.184416
0.185915
0.18751
0.194576
0.198089
0.201831
0.211369
0.215891
0.22072
0.225907
0.231999
0.246926
0.25456
0.262824
0.26022
0.258868
0.258477
0.258926
0.245913
0.226538
0.220385
0.214553
0.209019
0.203762
0.198764
0.194008
0.189989
0.187351
0.184803
0.18234
0.179953
0.177652
0.175427
0.173276
0.170722
0.16962
0.168554
0.167525
0.166531
0.165572
0.164647
0.163815
0.163505
0.163221
0.162962
0.162962
0.162753
0.162569
0.16241
0.162276
0.162233
0.162482
0.162757
0.163057
0.163383
0.163734
0.164248
0.164888
0.165558
0.166257
0.166993
0.167751
0.16854
0.169464
0.170447
0.171464
0.172517
0.173606
0.174736
0.176041
0.177388
0.178777
0.18021
0.182413
0.183992
0.18562
0.187298
0.189027
0.190899
0.193764
0.195787
0.197878
0.200056
0.202301
0.205647
0.208083
0.210596
0.214324
0.21705
0.219869
0.224033
0.287301
0.28912
0.556836
0.56016
0.560907
0.56324
0.561979
0.56353
0.560537
0.556368
0.556634
0.443315
0.432802
0.423139
0.420952
0.412422
0.404592
0.397393
0.387546
0.381296
0.375263
0.369448
0.364588
0.359134
0.353862
0.354451
0.355388
0.361157
0.367362
0.368923
0.375856
0.377847
0.385588
0.388049
0.396695
0.399674
0.40286
0.412901
0.416689
0.420714
0.43242
0.437159
0.442175
0.4559
0.461779
0.467994
0.474562
0.481502
0.31288
0.313734
0.314997
0.316346
0.317648
0.318975
0.323043
0.324348
0.325591
0.326748
0.327859
0.205942
0.204852
0.203801
0.202789
0.201815
0.200879
0.199979
0.199114
0.198291
0.197497
0.196738
0.196012
0.194955
0.194298
0.193673
0.19308
0.192518
0.0977714
0.095963
0.0942319
0.0925751
0.0909872
0.0894659
0.0894659
0.0880206
0.0866348
0.0852868
0.0839788
0.0827239
0.0815202
0.0803654
0.0792441
0.0781547
0.0771099
0.0750091
0.0740766
0.0731697
0.0722915
0.0714449
0.0706372
0.0698628
0.0691204
0.0684088
0.067707
0.0670042
0.0663315
0.0656881
0.0650729
0.0644851
0.0639238
0.0633883
0.0620817
0.061577
0.0610967
0.0606402
0.0602068
0.0597959
0.0587091
0.0583542
0.05802
0.0577062
0.0573912
0.0564173
0.0561372
0.0558766
0.0550187
0.054806
0.0546117
0.0538579
0.0537078
0.0535755
0.0529165
0.0528058
0.0521661
0.0520939
0.0515189
0.0514873
0.0509735
0.0504962
0.0505262
0.0501053
0.049718
0.049363
0.0494735
0.049169
0.0488728
0.0485995
0.0482373
0.0480172
0.0478146
0.0476308
0.0472822
0.0471285
0.0469906
0.046868
0.0465787
0.0464849
0.0464055
0.0461565
0.046076
0.0458284
0.0457533
0.0455297
0.0454786
0.0452778
0.045088
0.0450708
0.0449022
0.044744
0.0447589
0.0446207
0.0444922
0.0445378
0.0444284
0.0443281
0.0442369
0.0441355
0.0441736
0.0440812
0.0439973
0.0439216
0.0438542
0.0437948
0.0438849
0.0438418
0.0438065
0.0437791
0.0437593
0.0437471
0.0437426
0.0437456
0.0437561
0.043774
0.0437993
0.0438052
0.0438182
0.0438403
0.0438676
0.0439021
0.0439437
0.044115
0.0441714
0.044235
0.0443057
0.0443837
0.0444689
0.0445613
0.0446611
0.0447681
0.0448825
0.0449961

