5.50309419631958 
5.503697693347931 
5.505131185054779 
5.507393926382065 
5.510489642620087 
5.514420568943024 
5.519189685583115 
5.524799227714539 
5.531254410743713 
5.538560822606087 
5.546722933650017 
5.555521696805954 
5.565417185425758 
5.576188862323761 
5.5878471583127975 
5.600542947649956 
5.614002048969269 
5.628375336527824 
5.643675848841667 
5.659916251897812 
5.677109956741333 
5.695268884301186 
5.714410170912743 
5.734549090266228 
5.755700543522835 
5.777885019779205 
5.801120027899742 
5.825424566864967 
5.8505829423666 
5.877092108130455 
5.904737487435341 
5.933544784784317 
5.963539704680443 
5.994748696684837 
6.0269564390182495 
6.060681119561195 
6.095712631940842 
6.132081523537636 
6.169827654957771 
6.20872937142849 
6.2493350356817245 
6.291431188583374 
6.334805488586426 
6.380016356706619 
6.4268559217453 
6.4751096069812775 
6.5253593027591705 
6.577396392822266 
6.631012260913849 
6.686803698539734 
6.744299083948135 
6.804110109806061 
6.865761429071426 
6.929884850978851 
6.996002793312073 
7.064477354288101 
7.135695219039917 
7.2091735899448395 
7.285302132368088 
7.364187389612198 
7.446251809597015 
7.531203329563141 
7.619094103574753 
7.710248976945877 
7.760927081108093 
7.667917758226395 
7.5782231986522675 
7.491514086723328 
7.408342510461807 
7.327784597873688 
7.250024378299713 
7.174956798553467 
7.102764397859573 
7.032766193151474 
6.965158134698868 
6.900142878293991 
6.837063282728195 
6.776407361030579 
6.717538833618164 
6.660943478345871 
6.606005132198334 
6.553205102682114 
6.502208113670349 
6.4526960253715515 
6.405142694711685 
6.3592329621315 
6.314656883478165 
6.271892786026001 
6.230630353093147 
6.190577149391174 
6.152200698852539 
6.115211918950081 
6.079570576548576 
6.045245379209518 
6.011955812573433 
5.980167537927628 
5.949600413441658 
5.920231342315674 
5.892029777169228 
5.864972993731499 
5.838797241449356 
5.81396147608757 
5.790200456976891 
5.767495930194855 
5.74583001434803 
5.7251837104558945 
5.705538764595985 
5.686881020665169 
5.669193342328072 
5.652463063597679 
5.636677145957947 
5.62182180583477 
5.607885122299194 
5.594713985919952 
5.58258481323719 
5.571344122290611 
5.560982599854469 
5.551267042756081 
5.542643740773201 
5.534879490733147 
5.527967214584351 
5.521902069449425 
5.516678839921951 
5.512295663356781 
5.508748069405556 
5.506033077836037 
5.504148826003075 
5.50309494137764 
5.50309419631958 
5.503697693347931 
5.505130812525749 
5.507393553853035 
5.510489642620087 
5.514419823884964 
5.519187822937965 
5.524797365069389 
5.531253293156624 
5.538558587431908 
5.546721443533897 
5.555519089102745 
5.56541420519352 
5.576186627149582 
5.587843805551529 
5.600539222359657 
5.613997578620911 
5.628370866179466 
5.643671751022339 
5.659912154078484 
5.677105113863945 
5.6952644139528275 
5.714405328035355 
5.73454387485981 
5.755696073174477 
5.777880176901817 
5.801115185022354 
5.82541823387146 
5.850576609373093 
5.877085030078888 
5.9047311544418335 
5.93353845179081 
5.963532626628876 
5.99474161863327 
6.026948615908623 
6.060673296451569 
6.095704436302185 
6.132073700428009 
6.169818714261055 
6.2087200582027435 
6.249326094985008 
6.291422247886658 
6.334793567657471 
6.380005180835724 
6.426844745874405 
6.475098431110382 
6.525346636772156 
6.577383726835251 
6.630998849868774 
6.686791032552719 
6.7442841827869415 
6.804095208644867 
6.8657465279102325 
6.929869204759598 
6.995987892150879 
7.064462453126907 
7.135680317878723 
7.2091564536094666 
7.285284996032715 
7.364168763160706 
7.446233183145523 
7.531184703111649 
7.619073987007141 
7.710227370262146 
7.854003459215164 
7.9588383436203 
8.072684705257416 
8.195896446704865 
8.215867727994919 
8.3552785217762 
8.506006002426147 
8.668936789035797 
8.711575716733932 
8.894893527030945 
9.093093127012253 
9.155627340078354 
9.378842264413834 
9.455561637878418 
9.707396477460861 
9.800184518098831 
10.08511558175087 
10.196340084075928 
10.314759612083435 
10.652636736631393 
10.79365462064743 
10.943461209535599 
11.347811669111252 
11.526048183441162 
11.715347319841385 
12.205179780721664 
12.4312624335289 
12.671726942062378 
12.927618622779846 
13.2001131772995 
13.873037695884705 
14.202985167503357 
14.555753767490387 
14.933399856090546 
15.338237583637238 
15.772902965545654 
16.814927756786346 
17.358186841011047 
17.946135997772217 
18.584027886390686 
19.2779541015625 
20.035085082054138 
20.863881707191467 
21.77443951368332 
22.778762876987457 
23.8913893699646 
25.13004243373871 
26.516565680503845 
28.078165650367737 
29.84519898891449 
31.868872046470642 
34.20371115207672 
36.92573010921478 
44.04987394809723 
48.72828125953674 
54.54315543174744 
61.96964383125305 
71.78714871406555 
85.34128665924072 
inf 
inf 
inf 
inf 
inf 
inf 
inf 
inf 
inf 
inf 
inf 
inf 
inf 
inf 
inf 
90.15504121780396 
38.60515356063843 
35.63969135284424 
33.11110436916351 
30.929064750671387 
30.542990565299988 
30.61639368534088 
42.46111512184143 
42.57655143737793 
42.69907474517822 
42.82878935337067 
42.96579360961914 
43.11019778251648 
43.26213300228119 
43.4217095375061 
43.589070439338684 
19.311876595020294 
18.693365156650543 
18.61221343278885 
18.69654506444931 
18.784496188163757 
18.87614279985428 
18.97156536579132 
19.070851802825928 
19.173315167427063 
19.280605018138885 
19.392050802707672 
19.50775235891342 
19.627830386161804 
19.751591980457306 
19.88077014684677 
20.014695823192596 
20.152680575847626 
20.296509563922882 
20.44551968574524 
20.599034428596497 
20.758889615535736 
20.924438536167145 
21.09500914812088 
21.27249836921692 
21.45540714263916 
21.64568454027176 
21.84181958436966 
22.045813500881195 
22.256161272525787 
22.474004328250885 
22.70057052373886 
22.93432354927063 
23.176516592502594 
23.42747449874878 
23.68854433298111 
23.95758479833603 
24.23718273639679 
24.527154862880707 
24.688002467155457 
24.392138421535492 
24.106816947460175 
23.832206428050995 
23.567625880241394 
23.31135720014572 
23.063986003398895 
22.82518297433853 
22.595524787902832 
22.37284779548645 
22.157776355743408 
21.95095419883728 
21.750284731388092 
21.5573251247406 
21.37005776166916 
21.190020442008972 
21.015247702598572 
20.847278833389282 
20.685051381587982 
20.527543127536774 
20.376266539096832 
20.230218768119812 
20.088420808315277 
19.952377676963806 
19.821111857891083 
19.69369649887085 
19.571615755558014 
19.453944265842438 
19.34056431055069 
19.231370091438293 
19.125470519065857 
19.02434527873993 
18.927110731601715 
18.83367896080017 
18.74396651983261 
18.65789443254471 
18.57462227344513 
18.92709732055664 
68.94353032112122 
68.67321133613586 
68.4152364730835 
68.16940307617188 
67.93550848960876 
67.71335005760193 
67.502760887146 
67.30356216430664 
67.11559891700745 
66.93872809410095 
66.77278876304626 
66.61936640739441 
66.47495031356812 
66.34109616279602 
66.2177324295044 
66.10205173492432 
65.99936485290527 
65.90691804885864 
65.8246099948883 
71.68400287628174 
96.2787926197052 
inf 
inf 
inf 
inf 
inf 
inf 
inf 
inf 
inf 
inf 
95.17732262611389 
78.62088084220886 
66.97624921798706 
58.38060975074768 
51.764512062072754 
46.507811546325684 
38.635459542274475 
35.66478490829468 
33.132120966911316 
30.948302149772644 
29.050132632255554 
27.379465103149414 
25.901511311531067 
24.585503339767456 
23.40686172246933 
22.34574854373932 
21.385978162288666 
20.514225959777832 
19.719412922859192 
18.99225413799286 
18.32500398159027 
17.71092563867569 
17.144297063350677 
16.061019897460938 
15.609268844127655 
15.188933908939362 
14.797188341617584 
14.431563019752502 
14.089852571487427 
13.395136594772339 
13.113535940647125 
12.849240005016327 
12.601006031036377 
12.36773133277893 
11.864040046930313 
11.66897937655449 
11.485370248556137 
11.070416122674942 
10.916237533092499 
10.771123319864273 
10.424941778182983 
10.303143411874771 
10.188739001750946 
9.897180646657944 
9.801743179559708 
9.544260054826736 
9.465313702821732 
9.237246960401535 
9.172838181257248 
8.970439434051514 
8.783303201198578 
8.739238977432251 
8.572971820831299 
8.419187366962433 
8.27697291970253 
8.2560233771801 
8.130338788032532 
8.014216274023056 
7.907281070947647 
7.760800421237946 
7.667794823646545 
7.578104734420776 
7.491399347782135 
7.408231496810913 
7.327678054571152 
7.249922305345535 
7.174856215715408 
7.102666795253754 
7.032673805952072 
6.965070962905884 
6.900057941675186 
6.836982071399689 
6.7763276398181915 
6.717462092638016 
6.660870462656021 
6.605934351682663 
6.553135812282562 
6.502141058444977 
6.452631205320358 
6.405080109834671 
6.359173357486725 
6.314600259065628 
6.271836161613464 
6.230576708912849 
6.1905257403850555 
6.1521511524915695 
6.115163117647171 
6.079523265361786 
6.045199930667877 
6.011912599205971 
5.980125814676285 
5.949561297893524 
5.9201929718256 
5.891992896795273 
5.864937976002693 
5.83876334130764 
5.813928693532944 
5.790169909596443 
5.767466500401497 
5.7458024471998215 
5.7251568883657455 
5.705513060092926 
5.686856806278229 
5.669170618057251 
5.652441829442978 
5.636657029390335 
5.621803179383278 
5.607867613434792 
5.594697594642639 
5.5825695395469666 
5.571329966187477 
5.560970306396484 
5.551255866885185 
5.542633682489395 
5.53487055003643 
5.527959018945694 
5.521894618868828 
5.5166736245155334 
5.512291193008423 
5.508743599057198 
5.506030470132828 
5.504147335886955 
5.50309419631958 