28.80171835422516
28.80546748638153
28.813564777374268
28.826001286506653
28.842800855636597
28.8639634847641
28.88951599597931
28.91947329044342
28.953853249549866
28.99268865585327
29.036009311676025
29.083839058876038
29.136228561401367
29.19321060180664
29.25482988357544
29.321131110191345
29.392176866531372
29.468008875846863
29.548698663711548
29.634305834770203
29.724901914596558
29.820552468299866
29.92134690284729
30.02736270427704
30.138683319091797
25.80677568912506
18.00753027200699
17.685028910636902
17.738106846809387
17.818787693977356
17.902910709381104
17.990556359291077
18.081799149513245
18.176722526550293
18.275414407253265
18.377965688705444
18.484480679035187
18.595045804977417
18.709783256053925
18.82879287004471
18.952202796936035
19.080130755901337
19.212710857391357
19.3500816822052
19.492390751838684
19.63978111743927
19.792427122592926
19.950488209724426
20.114149153232574
20.283597707748413
20.45903354883194
20.640665292739868
20.828716456890106
21.02341651916504
21.22502326965332
21.433785557746887
21.64999097585678
21.87393754720688
22.105926275253296
22.346284985542297
10.286636650562286
6.740308552980423
6.619641184806824
6.502049416303635
6.4045250415802
6.327995657920837
6.254202872514725
6.183032318949699
6.114372238516808
6.04812316596508
5.984184145927429
5.922466516494751
5.862883478403091
5.8053527027368546
5.749795585870743
5.696143209934235
5.64432367682457
5.594275891780853
5.545933172106743
5.499240383505821
5.454142391681671
5.410586297512054
5.368521809577942
5.327903479337692
5.288684740662575
5.2508242428302765
5.214281007647514
5.179018899798393
5.144999548792839
5.112189054489136
5.080554261803627
5.050066113471985
5.020691081881523
4.992404952645302
4.965178295969963
4.938987642526627
4.913806170225143
4.8896148800849915
4.866388067603111
4.84410785138607
4.822753369808197
4.802307486534119
4.782750457525253
4.764065891504288
4.7462403774261475
4.72925677895546
4.71310131251812
4.697760567069054
4.683222994208336
4.669475555419922
4.656508564949036
4.644310474395752
4.632871598005295
4.622183740139008
4.612237960100174
4.603027179837227
4.5945413410663605
4.5867785811424255
4.579730704426765
4.573391377925873
4.567756503820419
4.562821984291077
4.558582976460457
4.5550379902124405
4.552184045314789
4.550018161535263
4.548538103699684
4.547744244337082
4.547635838389397
4.548211768269539
4.549473151564598
4.551420360803604
4.554056376218796
4.557381942868233
4.561399295926094
4.566112160682678
4.571524262428284
4.577638953924179
4.584462195634842
4.591997340321541
4.600251466035843
4.609232023358345
4.618942737579346
4.629394039511681
4.6405937522649765
4.652548208832741
4.665270447731018
4.678769037127495
4.693053662776947
4.708137735724449
4.724033176898956
4.740752652287483
4.7583092004060745
4.776718840003014
4.795996844768524
4.81615737080574
4.837222024798393
4.859205707907677
4.882129281759262
4.906012490391731
4.9308765679597855
4.956742376089096
4.9836378544569016
5.011584609746933
5.0406113266944885
5.070742219686508
5.102009698748589
5.134442448616028
5.1680754870176315
5.2029382437467575
5.23906983435154
5.276507884263992
5.31529039144516
5.355459451675415
5.39705827832222
5.440136417746544
5.4847389459609985
5.530918762087822
5.578729510307312
5.628229305148125
5.6794799864292145
5.732541531324387
5.787486210465431
5.844380334019661
5.903304368257523
5.964333191514015
6.027558073401451
6.093061715364456
6.160944327712059
6.231305748224258
6.30425289273262
6.379899382591248
6.40450045466423
6.327971816062927
6.254179775714874
6.183009594678879
6.114351749420166
6.048102676868439
5.984164401888847
5.922447144985199
5.862864851951599
5.805334448814392
5.7497769594192505
5.696125701069832
5.644307658076286
5.59425875544548
5.54591678082943
5.499226972460747
5.454128235578537
5.41057176887989
5.368508771061897
5.327890068292618
5.28867170214653
5.250812321901321
5.214270576834679
5.179006978869438
5.1449887454509735
5.11217899620533
5.080543830990791
5.050055682659149
5.020682141184807
4.992394894361496
4.965169355273247
4.93897870182991
4.913797974586487
4.889606684446335
4.8663802444934845
4.844100400805473
4.82274629175663
4.802300408482552
4.782743379473686
4.76405993103981
4.74623441696167
4.729250445961952
4.713095724582672
4.697754979133606
4.683217033743858
4.669470712542534
4.656503722071648
4.644305631518364
4.6328675001859665
4.622179642319679
4.6122342348098755
4.603023082017899
4.594539478421211
4.586775600910187
4.579727351665497
4.573388770222664
4.56775426864624
4.562819376587868
4.558580741286278
4.555036127567291
4.552182555198669
4.550016298890114
4.548536613583565
4.547743499279022
4.547634720802307
4.548210650682449
4.549473524093628
4.551420360803604
4.554056003689766
4.557381942868233
4.561399668455124
4.566112905740738
4.571525007486343
4.577640071511269
4.584462568163872
4.59199920296669
4.600253701210022
4.609232768416405
4.618944972753525
4.6293966472148895
4.640596359968185
4.6525511890649796
4.665273427963257
4.678772017359734
4.693057760596275
4.7081418335437775
4.724037274718285
4.7407567501068115
4.758313298225403
4.776723310351372
4.796001315116882
4.816162958741188
4.837227985262871
4.859212040901184
4.88213449716568
4.906018078327179
4.930882528424263
4.956749826669693
4.983644932508469
5.01159243285656
5.040618404746056
5.070750042796135
5.102018266916275
5.134451761841774
5.168083310127258
5.2029479295015335
5.239080265164375
5.276516824960709
5.315300449728966
5.35547062754631
5.397069454193115
5.440147966146469
5.484751984477043
5.530930683016777
5.578743293881416
5.628243461251259
5.679493024945259
5.732555687427521
5.787501856684685
5.844396725296974
5.903319641947746
5.964351072907448
6.027574837207794
6.093080714344978
6.160963326692581
6.231324374675751
6.304274499416351
6.379920244216919
6.404472142457962
6.327944248914719
6.254152953624725
6.182983890175819
6.114325672388077
6.048078835010529
5.984140560030937
5.922425165772438
5.862841755151749
5.805312469601631
5.749756842851639
5.69610595703125
5.6442879140377045
5.594239756464958
5.545898899435997
5.499209091067314
5.454110354185104
5.410555005073547
5.368492379784584
5.327874422073364
5.2886564284563065
5.250797048211098
5.214254930615425
5.178993567824364
5.1449742168188095
5.112164840102196
5.0805311650037766
5.050043016672134
5.020668730139732
4.992382973432541
4.965157061815262
4.938966408371925
4.913786798715591
4.8895955085754395
4.866369441151619
4.8440903425216675
4.822735488414764
4.802291095256805
4.78273443877697
4.764051362872124
4.746224731206894
4.729241877794266
4.713086783885956
4.697746783494949
4.683209583163261
4.669463261961937
4.656495898962021
4.644298925995827
4.632860422134399
4.622172564268112
4.612227529287338
4.603016376495361
4.594533145427704
4.586770385503769
4.579721391201019
4.573383182287216
4.567749053239822
4.56281453371048
4.55857589840889
4.555031284689903
4.552177339792252
4.5500122010707855
4.548533260822296
4.547739401459694
4.547630995512009
4.548207670450211
4.5494697988033295
4.551417380571365
4.554053395986557
4.557378962635994
4.561397060751915
4.566111043095589
4.571523144841194
4.5776378363370895
4.584461078047752
4.591996967792511
4.600252956151962
4.609232023358345
4.618943855166435
4.62939590215683
4.640595987439156
4.6525511890649796
4.665273427963257
4.678772017359734
4.693057760596275
4.708142206072807
4.724038392305374
4.740757495164871
4.758314415812492
4.776724800467491
4.796003550291061
4.816165193915367
4.83722984790802
4.8592135310173035
4.882137477397919
4.906021058559418
4.930885881185532
4.9567535519599915
4.983649775385857
5.011596530675888
5.0406236201524734
5.070754885673523
5.102023854851723
5.134457349777222
5.168090388178825
5.2029527723789215
5.239086598157883
5.276524648070335
5.3153082728385925
5.355477333068848
5.3970783948898315
5.440155416727066
5.48475868999958
5.530940368771553
5.578752979636192
5.6282538920640945
5.679504573345184
5.732567235827446
5.78751340508461
5.844408646225929
5.90333379805088
5.964364483952522
6.027589738368988
6.093095242977142
6.160979345440865
6.2313418835401535
6.3042908906936646
6.379938870668411
6.476277112960815
6.592890620231628
6.71253576874733
6.835559755563736
6.9618962705135345
7.092485576868057
7.227469980716705
7.366169989109039
7.509663701057434
7.658471167087555
7.811940461397171
7.970976084470749
8.13622996211052
8.307406306266785
8.48568081855774
8.67016315460205
8.863497525453568
9.064088761806488
9.273303300142288
9.492577612400055
9.720809012651443
9.960205107927322
10.211461782455444
10.474596172571182
10.75035035610199
11.04230210185051
11.348927021026611
11.671289801597595
12.011673301458359
12.374663352966309
12.759225070476532
13.165609538555145
13.597306609153748
14.05661553144455
14.550501108169556
15.078352391719818
15.645475685596466
16.25373363494873
16.91018044948578
17.620500922203064
18.39134693145752
19.227173924446106
20.14339566230774
21.153241395950317
22.26678878068924
23.498578369617462
24.87378865480423
26.41834318637848
28.118708729743958
29.272180795669556
29.209306836128235
29.151087999343872
29.09746766090393
29.048416018486023
29.00388538837433
28.9638489484787
28.928279876708984
28.897136449813843
28.87040078639984
28.848057985305786
28.830090165138245
28.816479444503784
28.80721688270569
28.80229949951172