23.044009506702423
23.0465367436409
23.05254489183426
23.062025010585785
23.074989020824432
23.091450333595276
23.11142235994339
23.13491851091385
23.161952197551727
23.192547261714935
23.226730525493622
23.263581097126007
23.305019736289978
23.350128531455994
14.10575807094574
13.99281919002533
13.883742690086365
13.779114186763763
13.678865134716034
13.582919538021088
13.491123914718628
13.403387367725372
13.319647312164307
13.237608969211578
13.159182667732239
13.084593415260315
13.013772666454315
12.946631014347076
12.760646641254425
12.700341641902924
12.643583118915558
12.590296566486359
12.539209425449371
12.49106377363205
12.335524708032608
12.295566499233246
12.258929759263992
12.222099304199219
12.187080085277557
12.047919631004333
12.020864337682724
11.997131258249283
11.870148777961731
11.850075423717499
11.83335930109024
11.718595027923584
11.709560453891754
11.70387715101242
11.598014086484909
11.594977974891663
11.496875435113907
11.501580476760864
11.414402723312378
11.426801979541779
11.34447455406189
11.266590654850006
11.287108808755875
11.21985986828804
11.15882620215416
11.103887110948563
11.137630045413971
11.086449027061462
11.041074991226196
11.001776903867722
10.952606052160263
10.924549400806427
10.894061625003815
10.86481288075447
10.792015492916107
10.770539194345474
10.752806067466736
10.738762468099594
10.679543018341064
10.6654554605484
10.651437938213348
10.59640496969223
10.588613897562027
10.539378225803375
10.537580400705338
10.493864119052887
10.491415858268738
10.448117554187775
10.407362878322601
10.4095458984375
10.37372201681137
10.340283066034317
10.350031405687332
10.319910198450089
10.286375135183334
10.289207100868225
10.26003211736679
10.232977569103241
10.207997262477875
10.185062885284424
10.198681801557541
10.175997763872147
10.153351724147797
10.132622718811035
10.113772749900818
10.096783190965652
10.110872983932495
10.097572952508926
10.086069256067276
10.073237866163254
10.058687627315521
10.045856982469559
10.034726560115814
10.025280714035034
10.017503798007965
10.011385381221771
10.006910562515259
10.004067420959473
9.99940037727356
9.994686394929886
9.991927444934845
9.990750253200531
9.991146624088287
10.011790692806244
10.015365481376648
10.020274668931961
10.023467987775803
10.028205066919327
10.034488886594772
10.042320936918259
10.051700472831726
10.062631219625473
10.075115412473679
10.08915975689888
10.08915901184082
10.106287896633148
10.124992579221725
10.145284235477448
10.167177021503448
10.190679877996445
10.21580696105957
10.242574661970139
10.270995646715164
10.301221162080765
10.333482176065445
10.384247452020645
10.420044511556625
10.457606613636017
10.496952384710312
10.53851917386055
10.584815591573715
10.637471079826355
10.692138224840164
10.74884980916977
10.807649046182632
10.868575423955917
10.931671410799026
10.999113321304321
11.080338805913925
11.16415336728096
11.250625550746918
11.339816451072693
11.474209278821945
11.59876361489296
11.730386316776276
11.866077780723572
12.005969136953354
12.154167890548706
12.57724016904831
12.864786386489868
45.46722173690796
44.58926320075989
43.764179944992065
41.98254644870758
41.29265546798706
40.6432569026947
39.175453782081604
38.630127906799316
38.11686038970947
36.89226806163788
36.46145462989807
36.05680763721466
35.025402903556824
34.68778431415558
33.77670347690582
33.49737823009491
32.69038498401642
32.4625164270401
31.746438145637512
31.084352731704712
30.92849850654602
30.34023642539978
29.796141386032104
29.292979836463928
29.218900203704834
28.772631287574768
28.36182713508606
27.98353135585785
27.465346455574036
27.136212587356567
26.818794012069702
26.513296365737915
26.218953728675842
25.93386173248291
25.65867304801941
25.393006205558777
25.137516856193542
24.88979697227478
24.650534987449646
24.420446157455444
24.197211861610413
23.982545733451843
23.77421408891678
23.573927581310272
23.379497230052948
23.19263368844986
23.012159764766693
22.83693701028824
22.668646275997162
22.506171464920044
22.348427772521973
22.197075188159943
22.051048278808594
21.909306943416595
21.77349328994751
21.642588078975677
21.516454219818115
21.39497697353363
21.27716988325119
21.164670586586
21.05649709701538
20.952558517456055
20.85275501012802
20.757003128528595
20.66437005996704
20.57647556066513
20.49238681793213
20.412039756774902
20.33536434173584
20.262299478054047
20.19277811050415
20.126748085021973
20.064154267311096
20.0049489736557
19.949084520339966
19.89651322364807
19.847193360328674
19.801591336727142
19.758664071559906
19.71888393163681
19.68221813440323
19.647836685180664
19.617322087287903
17.597872018814087
17.171521484851837
16.77022874355316
16.392897069454193
16.033972799777985
15.695786476135254
15.376286208629608
15.071535110473633
14.781737327575684
14.781737327575684
14.511223137378693
14.252659678459167
14.005407691001892
13.772331178188324
13.556812703609467
13.350270688533783
13.152290880680084
12.962470948696136
12.78720498085022
12.623360753059387
12.29269802570343
12.14616522192955
12.005465477705002
11.877094209194183
11.754520982503891
11.637497693300247
11.525209993124008
11.417510360479355
11.314261704683304
11.215350031852722
11.130870133638382
11.053898185491562
10.980405658483505
10.910318046808243
10.843569785356522
10.780096799135208
10.719835013151169
10.560478270053864
10.513801127672195
10.475961863994598
10.440793633460999
10.408276319503784
10.378393530845642
10.268595069646835
10.244789719581604
10.223552584648132
10.204878449440002
10.188766568899155
10.101088881492615
10.107091814279556
10.115428268909454
10.066953301429749
10.080310702323914
10.096078366041183
10.056541860103607
10.077455639839172
10.100886970758438
10.070352256298065
10.099118947982788
10.074933618307114
10.109204053878784
10.115355253219604
10.174447298049927
10.200832039117813
10.230279713869095
10.29822826385498
10.333902388811111
10.372886806726456
10.41526198387146
10.496320575475693
10.545409470796585
10.598509013652802
10.655435919761658
10.747624933719635
10.86515262722969
11.006685346364975
11.160484701395035
11.179979145526886
11.353400349617004
11.540728062391281
11.742962896823883
11.790859699249268
12.017950415611267
12.262948602437973
12.335281819105148
12.610262632369995
12.756110727787018
13.277538120746613
13.503198325634003
14.115479588508606
14.391446113586426
14.68721628189087
15.458105504512787
15.823280811309814
16.21614247560501
17.30176955461502
17.861543595790863
18.471617996692657
19.992220401763916
20.32420039176941
19.8687881231308
19.84182745218277
19.818931818008423
19.889473915100098
19.874897599220276
19.784139096736908
18.823881447315216
17.9476797580719
17.145493626594543
16.295847296714783
15.972448885440826
15.661978721618652
15.363769233226776
15.077216923236847
14.801761507987976
14.536873996257782
14.282059669494629
14.036853611469269
13.800819218158722
13.573546707630157
13.373365998268127
13.239723443984985
13.110511004924774
12.98503577709198
12.863463163375854
12.745693325996399
12.540130317211151
12.43111938238144
12.325575202703476
12.223411351442337
12.124543637037277
12.028896808624268
11.9363933801651
11.890365928411484
11.851596087217331
11.814825981855392
11.780035495758057
11.780036985874176
11.748979985713959
11.71986311674118
11.692668497562408
11.667387932538986
11.644009500741959
11.622526496648788
11.60292774438858
11.585210263729095
11.569368839263916
11.58953309059143
11.617011576890945
11.642265319824219
11.669372022151947
11.698353290557861
11.728831380605698
11.761629581451416
11.796370893716812
11.833083629608154
11.87179610133171
11.932914704084396
12.002436071634293
12.074393033981323
12.148839235305786
12.22582831978798
12.305421382188797
12.387678027153015
12.47265711426735
12.608611583709717
12.722533941268921
12.83995509147644
12.960965931415558
13.085682690143585
13.214205205440521
13.410161435604095
13.56208473443985
13.718684017658234
13.880108296871185
14.046531915664673
14.300905168056488
14.494146406650543
14.696882665157318
15.014474093914032
15.232941508293152
15.46124666929245
15.825402736663818
16.076210141181946
16.33550673723221
16.766738891601562
17.066186666488647
17.543187737464905
17.87438988685608
18.401487171649933
18.766647577285767
19.35473382472992
19.983725249767303
20.418494939804077
42.91377663612366
42.143937945365906
41.43202006816864
41.32713973522186
40.69799184799194
40.11666476726532
39.581334590911865
38.84747922420502
38.381946086883545
37.932994961738586
37.49899864196777
37.082698941230774
36.67948544025421
36.290282011032104
35.91453433036804
35.55319011211395
35.202836990356445
35.663583874702454
35.90864837169647
36.78368926048279
37.084367871284485
38.071587681770325
38.43524158000946
39.552173018455505
39.9880975484848
40.45220613479614
41.77661836147308
42.32933521270752
42.916592955589294
44.501784443855286
45.20047605037689
45.94251215457916
47.86270558834076
48.74889254570007
49.691447615623474
50.694459676742554
51.76252722740173
54.40111756324768
55.69485425949097
55.7428777217865
33.58345329761505
33.0318957567215
33.16156566143036
33.79012644290924
34.02251899242401
34.266725182533264
34.497034549713135
34.73423719406128
34.949132800102234
35.16532778739929
35.35465598106384
35.5296790599823
35.6842041015625
35.802218317985535
35.88246703147888
35.924479365348816
35.91965436935425
23.376767337322235
23.329706490039825
23.286329209804535
23.245656490325928
23.209553956985474
23.177047073841095
23.14811199903488
23.122720420360565
23.100855946540833
23.08250665664673
23.06765764951706
23.05629998445511
23.048415780067444
23.044009506702423