16.113026440143585 
15.585760772228241 
15.022008121013641 
14.429426193237305 
13.84652704000473 
13.190585374832153 
12.538903951644897 
11.906693875789642 
11.261198669672012 
10.684209316968918 
10.16666293144226 
9.267501533031464 
8.886510878801346 
8.591090887784958 
8.32122340798378 
8.07085931301117 
7.855036109685898 
7.6781973242759705 
7.511235028505325 
7.353461533784866 
7.204253971576691 
7.07734078168869 
6.980691105127335 
6.888473033905029 
6.800485402345657 
6.716548651456833 
6.63648396730423 
6.560139358043671 
6.413277238607407 
6.3737668097019196 
6.3363127410411835 
6.300878524780273 
6.267428398132324 
6.2359292060136795 
6.1440397053956985 
6.117251515388489 
6.092314049601555 
6.070874631404877 
6.0705725103616714 
6.034427508711815 
6.037122756242752 
6.04122169315815 
6.010551005601883 
6.01767860352993 
6.026254594326019 
6.00101538002491 
6.0126893222332 
6.025869399309158 
6.009437143802643 
6.0456156730651855 
6.068790704011917 
6.108186021447182 
6.1346255242824554 
6.17743693292141 
6.207340210676193 
6.23905174434185 
6.287384033203125 
6.322904676198959 
6.360416859388351 
6.399983912706375 
6.475376337766647 
6.5604619681835175 
6.648503988981247 
6.739702075719833 
6.883426010608673 
6.98820948600769 
7.101999223232269 
7.225365936756134 
7.250748574733734 
7.420098036527634 
7.661394029855728 
7.927588373422623 
8.030784875154495 
8.340489864349365 
8.684949576854706 
8.830837160348892 
9.468872845172882 
9.802131354808807 
10.66523790359497 
11.192091554403305 
13.763609528541565 
27.76474356651306 
27.747926115989685 
27.946585416793823 
47.138503193855286 
46.799179911613464 
46.468257904052734 
46.152129769325256 
45.847079157829285 
45.549532771110535 
45.265763998031616 
44.99221444129944 
44.72860395908356 
44.47469115257263 
44.2270427942276 
43.991830945014954 
43.76561939716339 
43.54822337627411 
43.33944022655487 
43.13909113407135 
42.9438978433609 
42.759910225868225 
42.58384108543396 
42.415547370910645 
42.25490689277649 
42.101773619651794 
41.95601046085358 
41.81751608848572 
41.68616831302643 
41.56186282634735 
41.44451320171356 
41.33400619029999 
41.23026728630066 
41.1322295665741 
41.04178547859192 
40.95788598060608 
40.88045060634613 
40.80650806427002 
40.74186682701111 
40.68353474140167 
40.631476044654846 
40.58564603328705 
40.5460000038147 
40.512534976005554 
40.485212206840515 
40.46401381492615 
40.44892191886902 
40.43992757797241 
40.439921617507935 
40.44311344623566 
40.452396869659424 
40.46777784824371 
40.48927426338196 
40.51690995693207 
40.55069386959076 
40.59065878391266 
40.636831521987915 
40.68925082683563 
40.74796736240387 
40.81008434295654 
40.881508588790894 
40.9593790769577 
41.04374051094055 
41.13565981388092 
41.23324751853943 
41.13665521144867 
39.02454674243927 
37.134850025177 
35.4351669549942 
33.89910161495209 
32.505059242248535 
31.235042214393616 
30.073770880699158 
29.00814414024353 
28.027954697608948 
27.123969793319702 
25.3979355096817 
24.678227305412292 
24.008817970752716 
23.385152220726013 
22.80323952436447 
22.259552776813507 
21.155479550361633 
20.707768201828003 
20.28765231370926 
19.89314556121826 
19.522471725940704 
18.723145127296448 
18.41339021921158 
18.12184900045395 
17.463861405849457 
17.21913069486618 
16.988801956176758 
16.440190374851227 
16.246899962425232 
16.06535017490387 
15.60351848602295 
15.452063083648682 
15.044325590133667 
14.91902470588684 
14.557957649230957 
14.4556924700737 
14.135327935218811 
13.839152455329895 
13.769111037254333 
13.505998253822327 
13.262659311294556 
13.037639856338501 
13.004165887832642 
12.804800271987915 
12.621082365512848 
12.45189681649208 
12.220187485218048 
12.072988599538803 
11.931024491786957 
11.794223636388779 
11.66292428970337 
11.535385251045227 
11.412268877029419 
11.293403059244156 
11.179427802562714 
11.068567633628845 
10.961483418941498 
10.858830064535141 
10.758895426988602 
10.663115233182907 
10.569828003644943 
10.480456054210663 
10.393369197845459 
10.30997782945633 
10.229431092739105 
10.150908678770065 
10.07579043507576 
10.003262758255005 
9.93252620100975 
9.86495241522789 
9.79974940419197 
9.736151248216629 
9.675496071577072 
9.617026895284653 
9.560681134462357 
9.506408125162125 
9.45347473025322 
9.403199702501297 
9.35484915971756 
9.308381378650665 
9.263753890991211 
9.220930933952332 
9.179210662841797 
9.139882028102875 
9.102248400449753 
9.066279232501984 
9.03194174170494 
8.999209851026535 
8.968054503202438 
8.93845185637474 
8.910377323627472 
8.883808553218842 
8.858724683523178 
8.83510559797287 
8.812931925058365 
8.792293816804886 
8.772961050271988 
8.755027502775192 
8.738477528095245 
8.722671866416931 
8.708854764699936 
8.696386218070984 
8.685258775949478 
8.675462007522583 
8.66699069738388 
8.659836649894714 
8.653997629880905 
8.649466931819916 
8.646240085363388 
8.644319325685501 
8.644319325685501 
8.644999563694 
8.64698588848114 
8.650275319814682 
8.654870092868805 
8.660777658224106 
8.667999505996704 
8.676543831825256 
8.68641585111618 
8.697621524333954 
8.710172027349472 
8.723452687263489 
8.738720417022705 
8.755365759134293 
8.773400634527206 
8.792734891176224 
8.813592791557312 
8.835887163877487 
8.859635889530182 
8.884857594966888 
8.911573886871338 
8.939806371927261 
8.96957591176033 
9.000910073518753 
9.0338334441185 
9.068373590707779 
9.104561805725098 
9.142426401376724 
9.181345999240875 
9.222662448883057 
9.265762567520142 
9.310682117938995 
9.357462078332901 
9.406144917011261 
9.456100314855576 
9.50872227549553 
9.563390165567398 
9.620153903961182 
9.679073095321655 
9.739504754543304 
9.80290025472641 
9.86863374710083 
9.936060756444931 
10.00666543841362 
10.079823434352875 
10.154883563518524 
10.233374685049057 
10.314667224884033 
10.398110747337341 
10.485277324914932 
10.574784129858017 
10.66824123263359 
10.764247179031372 
10.864448547363281 
10.9674371778965 
11.074108630418777 
11.185405403375626 
11.299896240234375 
11.418525874614716 
11.541461199522018 
11.669719964265823 
11.801692098379135 
11.93869411945343 
12.080788612365723 
9.944842010736465 
9.919771552085876 
9.898529946804047 
9.881294518709183 
9.81951728463173 
9.808943420648575 
9.801923483610153 
9.798423200845718 
9.749070554971695 
9.751980751752853 
9.759417176246643 
9.719259291887283 
9.732954949140549 
9.698235988616943 
9.717993438243866 
9.688522666692734 
9.714248031377792 
9.68986451625824 
9.667887538671494 
9.702098369598389 
9.685632586479187 
9.671580046415329 
9.715663641691208 
9.706394374370575 
9.699349850416183 
9.751901030540466 
9.749563038349152 
9.749402850866318 
9.751396626234055 
9.755534678697586 
9.822547435760498 
9.832213819026947 
9.844020009040833 
9.857963025569916 
9.874038398265839 
9.89224761724472 
9.977101534605026 
10.000154376029968 
10.025378316640854 
10.052787512540817 
10.085026174783707 
10.119859874248505 
10.156969726085663 
10.196375101804733 
10.238096863031387 
10.282160341739655 
10.328592360019684 
10.377424210309982 
10.428652912378311 
10.483743995428085 
10.544779151678085 
10.608481615781784 
10.67490428686142 
10.832499712705612 
10.905847698450089 
10.982128232717514 
11.061404645442963 
11.148577183485031 
11.240104585886002 
11.335042119026184 
11.433476954698563 
11.535503715276718 
11.64121925830841 
11.750736087560654 
11.750737577676773 
11.87623217701912 
12.014901638031006 
12.15859204530716 
12.307488918304443 
12.461776286363602 
12.621666491031647 
12.800946831703186 
13.006111979484558 
13.219472765922546 
13.441421091556549 
13.929834961891174 
14.297488331794739 
14.685936272144318 
15.09680449962616 
16.095559298992157 
25.32297968864441 
25.115156173706055 
24.953943490982056 
24.799785017967224 
24.652530252933502 
24.512064456939697 
24.378271400928497 
24.251042306423187 
24.130278825759888 
24.015896022319794 
23.907800018787384 
23.805905878543854 
23.512980341911316 
23.48378598690033 
23.463518917560577 
23.448042571544647 
23.437409102916718 
23.431643843650818 
23.30351620912552 
23.308269679546356 
23.317980766296387 
23.332685232162476 
23.38949590921402 
23.42025488615036 
23.51512759923935 
23.6151322722435 
23.66122007369995 
23.771746456623077 
23.91323298215866 
24.11034405231476 
24.306313693523407 
24.509085714817047 
24.736274778842926 
25.014790892601013 
25.37303864955902 
25.67090392112732 
26.134571433067322 
26.514089107513428 
27.070096135139465 
27.7013897895813 
28.191956877708435 
28.97169291973114 
29.82151210308075 
30.775657296180725 
31.4654141664505 
32.57347047328949 
33.78460705280304 
55.28944730758667 
54.259395599365234 
53.60581874847412 
52.97548770904541 
52.366799116134644 
51.78382396697998 
51.21756196022034 
50.67092776298523 
50.143152475357056 
49.63710308074951 
49.29293990135193 
50.385671854019165 
50.72920322418213 
51.9595742225647 
52.38121747970581 
53.76898646354675 
54.27902936935425 
55.848705768585205 
56.460368633270264 
57.11159110069275 
58.97253751754761 
59.7478985786438 
60.57151556015015 
62.79711723327637 
63.77670168876648 
64.81695771217346 
47.45606184005737 
46.660444140434265 
46.86489999294281 
47.084274888038635 
47.290822863578796 
47.96069264411926 
48.15394878387451 
48.327645659446716 
48.4776496887207 
48.60236048698425 
36.13857924938202 
35.97507178783417 
35.82094609737396 
35.6734573841095 
35.53248643875122 
35.39791703224182 
35.269635915756226 
35.14753580093384 
25.60289204120636 
25.10204315185547 
24.622511863708496 
24.159972369670868 
23.70639741420746 
23.26290011405945 
22.83100038766861 
22.407634556293488 
21.988506615161896 
21.568234264850616 
20.76134979724884 
20.31879723072052 
19.886043667793274 
19.442541897296906 
19.000624120235443 
18.55635493993759 
18.09142976999283 
17.627587914466858 
17.12694615125656 
16.63915365934372 
16.113026440143585 