15.450455248355865 
15.450198948383331 
15.451881289482117 
15.45589417219162 
15.462236106395721 
15.470916032791138 
15.481939911842346 
15.495315194129944 
15.511053800582886 
15.529164671897888 
15.549665689468384 
15.572571754455566 
15.597249567508698 
15.625017881393433 
15.655247867107391 
15.687966346740723 
15.723562240600586 
15.76133817434311 
15.801678597927094 
15.844623744487762 
15.890206396579742 
15.938465297222137 
15.989433228969574 
16.04316234588623 
16.099688410758972 
16.15905910730362 
16.22132956981659 
16.286548972129822 
16.354770958423615 
16.064538061618805 
15.612584352493286 
15.19206166267395 
14.800144731998444 
14.434358477592468 
14.092503488063812 
13.397520780563354 
13.115808367729187 
12.85141110420227 
12.60308027267456 
12.369716167449951 
11.865855753421783 
11.670724302530289 
11.487050354480743 
11.071965843439102 
10.917731374502182 
10.772567242383957 
10.42628288269043 
10.304442793130875 
10.189998894929886 
9.898359328508377 
9.802887588739395 
9.545334428548813 
9.466361999511719 
9.238234907388687 
9.17380079627037 
8.971349149942398 
8.784163743257523 
8.740079402923584 
8.573774248361588 
8.419950306415558 
8.27770084142685 
8.256737142801285 
8.131023496389389 
8.014867454767227 
7.90790319442749 
7.761384546756744 
7.6683588325977325 
7.578647136688232 
7.49192088842392 
7.408738881349564 
7.32816606760025 
7.250390201807022 
7.175307720899582 
7.103107124567032 
7.033094018697739 
6.965473294258118 
6.900449097156525 
6.837356835603714 
6.7766934633255005 
6.717812269926071 
6.6612087190151215 
6.6062577068805695 
6.553450971841812 
6.50244727730751 
6.452923268079758 
6.405363976955414 
6.359447538852692 
6.31486102938652 
6.27208948135376 
6.230821833014488 
6.19075745344162 
6.152375414967537 
6.115381047129631 
6.079734116792679 
6.045402958989143 
6.012103706598282 
5.980310216546059 
5.949737876653671 
5.920363590121269 
5.892156809568405 
5.865095183253288 
5.83890974521637 
5.814068764448166 
5.790303647518158 
5.767593532800674 
5.7459235191345215 
5.725272372364998 
5.705622956156731 
5.686959996819496 
5.669268220663071 
5.65253347158432 
5.6367430835962296 
5.621882900595665 
5.607942119240761 
5.594766512513161 
5.582632496953011 
5.571388453245163 
5.561021715402603 
5.551297962665558 
5.54267093539238 
5.534901469945908 
5.527985468506813 
5.521915853023529 
5.516688898205757 
5.512300878763199 
5.508749186992645 
5.506030470132828 
5.504142120480537 
5.503083765506744 
5.503083020448685 
5.503682419657707 
5.505111441016197 
5.507370084524155 
5.510461330413818 
5.514387413859367 
5.51915168762207 
5.524757504463196 
5.531208589673042 
5.538509413599968 
5.546668171882629 
5.55545799434185 
5.565347895026207 
5.576115846633911 
5.58776892721653 
5.6004598736763 
5.613914132118225 
5.6282829493284225 
5.643579363822937 
5.659814924001694 
5.677003785967827 
5.695158615708351 
5.71429505944252 
5.734428390860558 
5.755575746297836 
5.777755007147789 
5.800985172390938 
5.825282633304596 
5.850432068109512 
5.87693564593792 
5.9045761823654175 
5.933377891778946 
5.963367223739624 
5.994571000337601 
6.0267675668001175 
6.060486659407616 
6.095512583851814 
6.131875142455101 
6.169614568352699 
6.208505481481552 
6.2491051852703094 
6.2911950051784515 
6.3345566391944885 
6.379760801792145 
6.426593661308289 
6.47483617067337 
6.525076925754547 
6.577107310295105 
6.6307105123996735 
6.6864944994449615 
6.743974983692169 
6.803778558969498 
6.865416467189789 
6.929530948400497 
6.995634734630585 
7.064096629619598 
7.135305553674698 
7.208766043186188 
7.284879684448242 
7.363748550415039 
7.445801794528961 
7.530736923217773 
7.6186105608940125 
7.709746062755585 
7.853224873542786 
7.958030700683594 
8.071846514940262 
8.195021003484726 
8.214982599020004 
8.354362845420837 
8.505058288574219 
8.667951822280884 
8.710577338933945 
8.893854171037674 
9.09200981259346 
9.154525399208069 
9.377691149711609 
9.454390406608582 
9.706170856952667 
9.79892760515213 
10.083777457475662 
10.194961726665497 
10.313340276479721 
10.651115328073502 
10.79208254814148 
10.94183698296547 
11.346081644296646 
11.524278670549393 
11.713533103466034 
12.203259766101837 
12.429288774728775 
12.669695913791656 
12.92552798986435 
13.19795548915863 
13.870719075202942 
14.200586080551147 
14.553265273571014 
14.930814504623413 
15.335547924041748 
15.770097076892853 
16.81184619665146 
17.354953289031982 
17.94273555278778 
18.580439686775208 
19.2741721868515 
20.031094551086426 
20.859672129154205 
21.77019715309143 
22.77449071407318 
23.88697862625122 
25.125429034233093 
26.51173174381256 
28.073081374168396 
29.83977496623993 
31.863337755203247 
34.19612944126129 
36.91452443599701 
44.02611255645752 
48.700690269470215 
54.513466358184814 
61.93165183067322 
71.72781825065613 
85.26132702827454 
inf 
inf 
inf 
inf 
inf 
inf 
inf 
inf 
inf 
inf 
inf 
inf 
inf 
inf 
inf 
inf 
79.53856587409973 
78.69584560394287 
77.81250476837158 
30.937165021896362 
29.03270125389099 
27.364066243171692 
25.88787078857422 
24.573343992233276 
23.395949602127075 
22.33574539422989 
21.37676030397415 
20.836445689201355 
20.909860730171204 
20.986972749233246 
21.067848801612854 
33.27987492084503 
33.419278264045715 
33.5635632276535 
33.715617656707764 
33.87419283390045 
34.03943181037903 
34.21148657798767 
34.39050316810608 
34.575217962265015 
34.76867079734802 
34.96961295604706 
35.178229212760925 
35.39474308490753 
35.61786413192749 
35.850781202316284 
36.092257499694824 
36.34102940559387 
36.60036325454712 
36.869049072265625 
37.145817279815674 
37.43405342102051 
37.7325564622879 
38.04008364677429 
38.36011588573456 
10.41036918759346 
10.324295610189438 
10.07559671998024 
10.005370527505875 
9.78466123342514 
9.7062848508358 
9.804128110408783 
9.905069321393967 
10.009653121232986 
10.118024796247482 
10.230769217014313 
10.346971452236176 
10.467709600925446 
10.592929273843765 
10.790125280618668 
10.934066772460938 
11.090383678674698 
11.260156333446503 
11.28755584359169 
11.479006707668304 
11.685996502637863 
11.909740418195724 
11.968269944190979 
12.220007926225662 
12.492182850837708 
12.578031420707703 
12.884551286697388 
12.9898801445961 
13.335700333118439 
13.463088870048523 
13.854342699050903 
14.007045328617096 
14.169628918170929 
14.63356465101242 
14.827167987823486 
15.032833814620972 
15.588018298149109 
15.8327117562294 
16.092585027217865 
16.765092313289642 
17.07545518875122 
17.405548691749573 
17.75680184364319 
18.130837380886078 
19.054552912712097 
19.024857878684998 
18.92760694026947 
18.834160268306732 
18.74442845582962 
18.658339977264404 
18.575038015842438 
18.496017158031464 
18.420414626598358 
18.348175287246704 
18.279235064983368 
18.213537335395813 
18.15103143453598 
18.091662228107452 
18.03538352251053 
17.98214763402939 
17.93191283941269 
17.884644865989685 
17.840294539928436 
17.799289524555206 
17.760691046714783 
17.724914848804474 
17.69194006919861 
17.6610067486763 
17.633558809757233 
17.608845233917236 
17.5868421792984 
17.567534744739532 
17.550906538963318 
17.53695011138916 
17.525649070739746 
17.517001926898956 
17.510996758937836 
17.507629096508026 
17.507632076740265 
17.509539425373077 
17.51408725976944 
17.521274089813232 
17.53111034631729 
17.543603479862213 
17.558762431144714 
17.57659763097763 
17.597122490406036 
17.620353400707245 
17.64630824327469 
17.674273252487183 
17.70574301481247 
17.740000784397125 
17.777076363563538 
17.8165465593338 
17.85935014486313 
17.905062437057495 
69.04469132423401 
65.7336175441742 
62.75238394737244 
60.055357217788696 
57.605791091918945 
55.37289381027222 
53.330665826797485 
51.456475257873535 
49.731603264808655 
48.14005494117737 
45.09759545326233 
43.82919371128082 
42.64913499355316 
41.54928922653198 
40.52249789237976 
39.562878012657166 
37.611961364746094 
36.82115972042084 
36.078956723213196 
35.38185656070709 
34.72676873207092 
33.31223726272583 
32.76434242725372 
32.248613238334656 
31.083282828330994 
30.650395154953003 
30.242958664894104 
29.27097976207733 
28.929010033607483 
28.607797622680664 
27.789178490638733 
27.521222829818726 
26.79828107357025 
26.57662332057953 
25.936272740364075 
25.7554292678833 
25.18714964389801 
24.661722779273987 
24.538004398345947 
24.071168899536133 
23.63937646150589 
23.240050673484802 
23.18122237920761 
22.828252613544464 
22.50218093395233 
22.201910614967346 
21.79005742073059 
21.52889370918274 
21.277035772800446 
21.033605933189392 
20.80008238554001 
20.573879778385162 
20.355534553527832 
20.144739747047424 
19.942040741443634 
19.745489954948425 
19.555655121803284 
19.373105466365814 
19.195978343486786 
19.025667011737823 
18.860363960266113 
18.701456487178802 
18.547187745571136 
18.398934602737427 
18.255744874477386 
18.11671108007431 
17.98318922519684 
17.85428375005722 
17.7291139960289 
17.609034478664398 
17.493176460266113 
17.38070249557495 
17.27294772863388 
17.169085144996643 
17.069008946418762 
16.972628235816956 
16.879144310951233 
16.789886355400085 
16.70406013727188 
16.62159264087677 
16.542404890060425 
16.466432809829712 
16.392919421195984 
16.323180496692657 
16.256463527679443 
16.192710399627686 
16.131873428821564 
16.07389599084854 
16.018733382225037 
15.966340899467468 
15.916673839092255 
15.869694948196411 
15.825365483760834 
15.783649682998657 
15.744511783123016 
15.707559883594513 
15.673495829105377 
15.641927719116211 
15.612830221652985 
15.585534274578094 
15.561313927173615 
15.539506077766418 
15.520091354846954 
15.503053367137909 
15.488381683826447 
15.476065874099731 
15.466096997261047 
15.458466112613678 
15.453167259693146 