30.405092239379883 
30.408412218093872 
30.41630983352661 
30.428799986839294 
30.44588565826416 
30.46758770942688 
30.49391806125641 
30.524897575378418 
30.56054413318634 
30.60089349746704 
30.645978450775146 
30.69455921649933 
30.749210715293884 
30.80870807170868 
30.87310791015625 
29.05883491039276 
27.3872971534729 
25.90865194797516 
24.59205836057663 
23.412904143333435 
22.351349890232086 
21.391190588474274 
20.51910012960434 
19.723984599113464 
18.99663507938385 
18.329131603240967 
17.71480441093445 
17.147856950759888 
16.064055263996124 
15.61209261417389 
15.191560983657837 
14.799639582633972 
14.433851838111877 
14.091996848583221 
13.397017121315002 
13.115304708480835 
12.850907444953918 
12.602578103542328 
12.369214743375778 
11.865359544754028 
11.670228838920593 
11.486557126045227 
11.071477830410004 
10.917245596647263 
10.772082209587097 
10.425806045532227 
10.303965955972672 
10.189523547887802 
9.89788994193077 
9.802419692277908 
9.544871747493744 
9.46590006351471 
9.237776696681976 
9.173344075679779 
8.970898389816284 
8.783724159002304 
8.739646524190903 
8.573354035615921 
8.419543504714966 
8.277305215597153 
8.256345987319946 
8.130647987127304 
8.014501631259918 
7.907546311616898 
7.76115208864212 
7.668132334947586 
7.5784265995025635 
7.491706311702728 
7.408528029918671 
7.327960431575775 
7.250191271305084 
7.175113260746002 
7.102915644645691 
7.032908499240875 
6.965291500091553 
6.900271028280258 
6.837182492017746 
6.776522845029831 
6.7176453769207 
6.661044806241989 
6.606098264455795 
6.553294509649277 
6.502293050289154 
6.4527735114097595 
6.405216455459595 
6.359302252531052 
6.314718723297119 
6.271950155496597 
6.230684369802475 
6.190624088048935 
6.152243912220001 
6.115251407027245 
6.079606711864471 
6.045277789235115 
6.011981517076492 
5.980190262198448 
5.94961978495121 
5.9202466160058975 
5.8920420706272125 
5.864982306957245 
5.838800594210625 
5.8139607310295105 
5.790196731686592 
5.767488852143288 
5.745820328593254 
5.72516992688179 
5.705522373318672 
5.686861649155617 
5.669171363115311 
5.652438104152679 
5.636648461222649 
5.621790513396263 
5.607851222157478 
5.594676733016968 
5.582544580101967 
5.571301281452179 
5.560936406254768 
5.551214888691902 
5.542588979005814 
5.534821003675461 
5.527906119823456 
5.521837994456291 
5.516612529754639 
5.5122260004282 
5.508674681186676 
5.505957081913948 
5.504070222377777 
5.5030133575201035 
5.503012612462044 
5.503612756729126 
5.5050428956747055 
5.5073026567697525 
5.510395765304565 
5.514322966337204 
5.519087612628937 
5.524694174528122 
5.531146749854088 
5.538449063897133 
5.546608939766884 
5.555400252342224 
5.56529201567173 
5.576061084866524 
5.587714537978172 
5.600407347083092 
5.613863095641136 
5.628231912851334 
5.643529444932938 
5.659766495227814 
5.6769561022520065 
5.69511204957962 
5.714248865842819 
5.734384059906006 
5.755532532930374 
5.777712911367416 
5.800943449139595 
5.825242772698402 
5.850394442677498 
5.876899138092995 
5.904540792107582 
5.9333436191082 
5.963333696126938 
5.994538217782974 
6.02673776447773 
6.0604579746723175 
6.095485016703606 
6.131849437952042 
6.16958886384964 
6.208482384681702 
6.249083578586578 
6.29117414355278 
6.334538757801056 
6.3797444105148315 
6.426578760147095 
6.474822759628296 
6.525065004825592 
6.577096879482269 
6.630702316761017 
6.686487793922424 
6.74397200345993 
6.803776323795319 
6.8654172122478485 
6.9295331835746765 
6.995639950037003 
7.064104825258255 
7.135315984487534 
7.2087787091732025 
7.284896075725555 
7.363767176866531 
7.445822656154633 
7.530762255191803 
7.618637382984161 
7.709777355194092 
7.8535497188568115 
7.958374172449112 
8.072208613157272 
8.195408433675766 
8.215377479791641 
8.354777097702026 
8.505494147539139 
8.668406307697296 
8.711037784814835 
8.894331753253937 
9.092506021261215 
9.155028313398361 
9.378216415643692 
9.454924613237381 
9.706728905439377 
9.799503535032272 
10.084399580955505 
10.19560769200325 
10.314010828733444 
10.65184399485588 
10.792842507362366 
10.942626744508743 
11.34692206978798 
11.5251325070858 
11.714401841163635 
12.204167246818542 
12.430212646722794 
12.670639157295227 
12.926490604877472 
13.198938965797424 
13.871756196022034 
14.20164704322815 
14.554354548454285 
14.931933581829071 
15.336698293685913 
15.771283209323883 
16.813114285469055 
17.35626459121704 
17.94409453868866 
18.58174502849579 
19.275401532649994 
20.032228529453278 
20.86096704006195 
21.771422028541565 
22.775626182556152 
23.888123035430908 
25.126636028289795 
26.513001322746277 
28.07442843914032 
29.841503500938416 
31.865814328193665 
34.19951796531677 
36.91943883895874 
44.033220410346985 
48.70884418487549 
54.52454686164856 
61.94841265678406 
71.75121307373047 
85.30082106590271 
88.7988805770874 
88.74170184135437 
88.69792819023132 
88.66752982139587 
88.65051865577698 
88.65051865577698 
88.6601984500885 
88.68324160575867 
88.71966600418091 
88.76949548721313 
88.83277773857117 
88.90953660011292 
88.99986743927002 
89.10381197929382 
89.22147154808044 
89.35292959213257 
89.49458599090576 
89.65392708778381 
65.23469686508179 
64.62826132774353 
63.993191719055176 
63.34428787231445 
62.683141231536865 
62.036001682281494 
61.40177249908447 
60.81635355949402 
60.267066955566406 
59.752386808395386 
59.29439067840576 
58.88793468475342 
18.31802725791931 
17.70443022251129 
17.13823527097702 
16.055762767791748 
15.604348480701447 
15.184316039085388 
14.792847633361816 
14.427469670772552 
14.085990190505981 
13.39169591665268 
13.110272586345673 
12.846137583255768 
12.598054111003876 
12.364915013313293 
11.861488968133926 
11.666539311408997 
11.483034491539001 
11.068280041217804 
10.914182662963867 
10.769147425889969 
10.423123091459274 
10.301385819911957 
10.187043994665146 
9.895610809326172 
9.800220280885696 
9.542842209339142 
9.4639390707016 
9.235960990190506 
9.171585738658905 
8.969266712665558 
8.782199770212173 
8.738162368535995 
8.571947365999222 
8.418212085962296 
8.276042342185974 
8.255106955766678 
8.129020780324936 
8.01294818520546 
7.906058430671692 
7.759539783000946 
7.666540890932083 
7.576855272054672 
7.615621387958527 
7.634173333644867 
7.763703912496567 
7.903749495744705 
8.055129647254944 
8.094742149114609 
8.265035599470139 
27.456393837928772 
27.645128965377808 
28.318944573402405 
28.55050563812256 
29.310718178749084 
29.590779542922974 
30.4508775472641 
30.786585807800293 
31.144016981124878 
32.16388523578644 
32.58944749832153 
33.04152190685272 
34.26185846328735 
34.79962944984436 
35.370734333992004 
36.848679184913635 
37.53072917461395 
38.256144523620605 
39.02809023857117 
39.85009491443634 
41.88012778759003 
42.87572503089905 
43.94020736217499 
45.07972598075867 
46.30149304866791 
47.61327803134918 
50.75801610946655 
52.39746570587158 
54.17125225067139 
56.09560012817383 
58.18857550621033 
18.21351796388626 
18.151013553142548 
18.091648817062378 
18.035371601581573 
17.98214018344879 
17.93191134929657 
17.884644865989685 
17.840300500392914 
17.799298465251923 
17.760702967643738 
17.724931240081787 
17.69195944070816 
17.66103357076645 
17.63359010219574 
17.608879506587982 
17.586879432201385 
17.567576467990875 
17.55095273256302 
17.5369992852211 
17.525702714920044 
17.517058551311493 
17.51105636358261 
17.50769466161728 
17.5076961517334 
17.50960648059845 
17.51415729522705 
17.52135008573532 
17.531190812587738 
17.54368543624878 
17.55884885787964 
17.576688528060913 
17.59721487760544 
17.620450258255005 
17.646411061286926 
17.674383521080017 
17.705856263637543 
17.740117013454437 
17.77719557285309 
17.81667321920395 
17.859479784965515 
17.90519654750824 
17.953862249851227 
18.00552010536194 
18.06020736694336 
18.11796873807907 
18.178851902484894 
18.242909014225006 
18.310189247131348 
18.380755186080933 
18.454661965370178 
18.53196918964386 
18.611982464790344 
18.132632970809937 
17.644226551055908 
17.189045250415802 
16.764216125011444 
16.36717915534973 
15.56001603603363 
15.232829749584198 
14.925755560398102 
14.637340605258942 
14.366306364536285 
13.781116902828217 
13.554489612579346 
13.341164588928223 
12.859082221984863 
12.679953873157501 
12.51135766506195 
12.10918053984642 
11.967674642801285 
11.834757775068283 
11.49604395031929 
11.38516515493393 
11.086040735244751 
10.99431961774826 
10.729371011257172 
10.654538869857788 
10.419411957263947 
10.202014446258545 
10.150817036628723 
9.95766818523407 
9.77904126048088 
9.613854438066483 
9.58952084183693 
9.44354310631752 
9.308657795190811 
9.184443950653076 
9.014209359884262 
8.906174451112747 
8.803842961788177 
8.938615769147873 
8.960355073213577 
9.112309664487839 
9.276600182056427 
9.454182535409927 
9.500670433044434 
38.85750472545624 
38.48394155502319 
38.12470734119415 
37.77615427970886 
37.44100332260132 
37.1157169342041 
36.80301010608673 
36.49943470954895 
36.20769381523132 
35.925912857055664 
35.65232455730438 
35.38957238197327 
35.13591289520264 
34.889599680900574 
34.65329706668854 
34.42530930042267 
34.20397937297821 
33.99193286895752 
33.78755450248718 
33.590614795684814 
33.40095579624176 
33.21699798107147 
33.04135203361511 
32.872459292411804 
32.71017372608185 
32.554346323013306 
32.40484595298767 
32.26018846035004 
32.122957706451416 
31.991669535636902 
31.86621367931366 
31.74649477005005 
31.632408499717712 
31.52385652065277 
31.420758366584778 
31.32302463054657 
31.23057782649994 
31.143349409103394 
31.061261892318726 
30.984246730804443 
30.911460518836975 
30.84443509578705 
30.782318115234375 
30.725061893463135 
30.671358108520508 
30.623701214790344 
30.5807888507843 
30.542588233947754 
30.509066581726074 
30.480200052261353 
30.455967783927917 
30.436354875564575 
30.421346426010132 
30.410924553871155 
30.405092239379883 