12.600232660770416 
12.620344758033752 
12.642419338226318 
12.666468322277069 
12.692506611347198 
12.720546126365662 
12.750603258609772 
12.7826988697052 
12.816843390464783 
12.853066623210907 
12.891386449337006 
12.950822710990906 
12.993507087230682 
13.038359582424164 
13.085424900054932 
13.135027885437012 
13.186608254909515 
13.240493834018707 
13.296729326248169 
44.3412721157074 
43.023526668548584 
41.79631471633911 
40.65142869949341 
39.58142697811127 
38.579973578453064 
37.64156103134155 
36.7610901594162 
35.93405783176422 
34.26806926727295 
33.57625603675842 
32.92408287525177 
32.308876514434814 
31.728243827819824 
31.179994344711304 
30.00376522541046 
29.538628458976746 
29.098951816558838 
28.683292865753174 
28.29039692878723 
27.388083934783936 
27.053800225257874 
26.738139986991882 
25.97297430038452 
25.705111026763916 
25.452861189842224 
24.7994065284729 
24.587036669254303 
24.3880957365036 
23.82742315530777 
23.662491142749786 
23.16155582666397 
23.027192056179047 
22.57927507162094 
22.472694516181946 
22.072261571884155 
21.700291335582733 
21.6337189078331 
21.301954984664917 
20.994330942630768 
20.70939391851425 
20.69048285484314 
20.43920010328293 
20.207157731056213 
19.993965327739716 
19.702990353107452 
19.518978893756866 
19.34242695569992 
19.1725492477417 
18.98522973060608 
18.829500675201416 
18.68012547492981 
18.53688955307007 
18.37531179189682 
18.24379712343216 
18.11777800321579 
17.97320693731308 
17.857737839221954 
17.723610997200012 
17.618010938167572 
17.493657767772675 
17.39732176065445 
17.28214919567108 
17.17141568660736 
17.08800494670868 
16.985666751861572 
16.887404024600983 
16.81586503982544 
16.725334525108337 
16.638563573360443 
16.5780171751976 
16.498403251171112 
16.422292590141296 
16.349588334560394 
16.280218958854675 
16.236388683319092 
16.17342233657837 
16.113582253456116 
16.056817770004272 
16.003063321113586 
15.952268242835999 
15.926437079906464 
15.881375968456268 
15.839122235774994 
15.799638628959656 
15.762890875339508 
15.728835761547089 
15.697436034679413 
15.668663382530212 
15.642482042312622 
15.618868172168732 
15.59779942035675 
15.579244494438171 
15.563185513019562 
15.549163520336151 
15.538041293621063 
15.529359877109528 
15.52310585975647 
15.541352331638336 
15.539956092834473 
15.540963411331177 
15.54436981678009 
15.550167858600616 
15.558357536792755 
15.568940341472626 
15.581914782524109 
15.597286820411682 
15.615057945251465 
15.635240077972412 
15.635238587856293 
15.660195052623749 
15.68758487701416 
15.71742594242096 
15.74973315000534 
15.784524381160736 
15.821819007396698 
15.861640870571136 
15.904009342193604 
15.948954224586487 
15.996503829956055 
16.070252656936646 
16.12321138381958 
16.178877651691437 
16.237281262874603 
16.298946738243103 
16.362957656383514 
16.429829597473145 
16.499614715576172 
16.572366654872894 
16.648128628730774 
16.726960241794586 
16.808918118476868 
16.894064843654633 
16.982463002204895 
17.074178159236908 
17.16928780078888 
17.267854511737823 
17.396175861358643 
17.502112686634064 
17.611773312091827 
17.72523671388626 
17.84260869026184 
17.96398013830185 
18.117046356201172 
18.246987462043762 
18.381276726722717 
18.52002441883087 
18.66336613893509 
18.840380012989044 
18.993601202964783 
19.151833653450012 
19.345159828662872 
19.514235854148865 
19.688835740089417 
19.900095462799072 
20.086637139320374 
20.27929276227951 
20.510374009609222 
20.716267824172974 
20.961925387382507 
21.182052791118622 
21.443387866020203 
21.678853034973145 
21.957091987133026 
22.244562208652496 
22.505633533000946 
22.8121280670166 
23.12905639410019 
23.456844687461853 
23.757538199424744 
24.10862296819687 
24.471306800842285 
24.84692633152008 
25.43877363204956 
25.870925188064575 
26.34056806564331 
26.849737763404846 
26.97153091430664 
27.549442648887634 
28.17710041999817 
28.85928452014923 
29.076623916625977 
29.850924015045166 
30.694708228111267 
31.000977754592896 
31.963619589805603 
32.33581483364105 
33.439090847969055 
33.88897478580475 
35.16087830066681 
35.70379614830017 
36.28297746181488 
37.83717751502991 
38.53779435157776 
39.28599953651428 
41.2174791097641 
42.12992489337921 
43.10740828514099 
45.56161165237427 
46.7702716588974 
48.07202219963074 
49.47636425495148 
50.99447965621948 
54.71094846725464 
56.65407180786133 
58.77529978752136 
60.50763130187988 
60.30506491661072 
60.113656520843506 
60.01632809638977 
59.846508502960205 
59.687286615371704 
59.53851342201233 
59.400033950805664 
59.27169322967529 
59.15337800979614 
59.04495120048523 
58.94628167152405 
58.85729789733887 
58.77789258956909 
58.70797038078308 
58.64744186401367 
58.59753489494324 
58.55559706687927 
58.52287411689758 
58.499300479888916 
58.56803059577942 
58.5627555847168 
34.434574842453 
34.005942940711975 
33.57225060462952 
33.134132623672485 
32.68381357192993 
32.23995864391327 
31.798574328422546 
31.358709931373596 
30.930572748184204 
30.930572748184204 
30.51948845386505 
30.119463801383972 
29.736819863319397 
29.378440976142883 
29.028859734535217 
28.707677125930786 
28.394967317581177 
28.102651238441467 
27.832794189453125 
27.580058574676514 
27.077457308769226 
26.870080828666687 
26.671969890594482 
26.498398184776306 
26.33175253868103 
26.184064149856567 
26.043149828910828 
25.92085599899292 
25.805309414863586 
25.702738761901855 
25.61076581478119 
25.525349378585815 
25.459009408950806 
17.344841361045837 
16.922910511493683 
16.583803296089172 
16.679011285305023 
16.80295467376709 
16.905277967453003 
17.01119691133499 
17.12079346179962 
17.234160006046295 
17.351393401622772 
17.49923825263977 
17.62474775314331 
17.754456400871277 
17.888469994068146 
18.0269256234169 
18.19790154695511 
18.345892429351807 
18.49873661994934 
18.685467541217804 
18.84877383708954 
19.017420709133148 
19.22147572040558 
19.401654601097107 
19.587738811969757 
19.810938835144043 
20.009808242321014 
20.24708241224289 
20.459699630737305 
20.71211487054825 
20.939548313617706 
21.20829075574875 
21.48595005273819 
21.73811048269272 
22.03414887189865 
22.340260446071625 
22.656863927841187 
22.947297990322113 
23.28505963087082 
23.635350167751312 
23.998120427131653 
24.56918954849243 
24.495136737823486 
24.273566901683807 
24.06160831451416 
23.82652461528778 
23.63107204437256 
23.44360202550888 
23.263829946517944 
23.061048984527588 
22.895988821983337 
22.7378249168396 
22.556385397911072 
22.411462664604187 
22.243128716945648 
22.11059480905533 
21.954530477523804 
21.833616495132446 
21.689069271087646 
21.550101041793823 
21.44540697336197 
21.316972374916077 
21.193648874759674 
21.103858947753906 
20.990237593650818 
20.881332457065582 
20.805341005325317 
20.70542424917221 
20.60989886522293 
20.518650114536285 
20.43159008026123 
20.376573503017426 
20.297548174858093 
20.22244781255722 
20.151203870773315 
20.08373737335205 
20.019985735416412 
19.98755782842636 
19.93100196123123 
19.877970218658447 
19.828417897224426 
19.78229284286499 
19.7395458817482 
19.70013827085495 
19.66402381658554 
19.631163775920868 
19.601526856422424 
19.575077295303345 
19.55179274082184 
19.531628489494324 
19.515125453472137 
19.501163065433502 
19.490261375904083 
19.482408463954926 
19.505302608013153 
19.50354427099228 
19.504807889461517 
19.509078562259674 
19.51635330915451 
19.526630640029907 
19.539910554885864 
19.55619305372238 
19.575484097003937 
19.597788155078888 
19.62311416864395 
19.62311714887619 
19.65443342924118 
19.688810408115387 
19.726261496543884 
19.766806066036224 
19.810469448566437 
19.85727548599243 
19.907252490520477 
23.508577048778534 
22.273819148540497 
21.168437600135803 
19.238904118537903 
18.420495092868805 
17.67420619726181 
16.99129492044449 
16.365550458431244 
15.788288414478302 
15.255376696586609 
14.762185513973236 
14.392310380935669 
14.458097517490387 
14.526547491550446 
14.597713947296143 
14.671646058559418 
14.748406410217285 
30.332288146018982 
29.623126983642578 
28.957027196884155 
27.61511504650116 
27.057892084121704 
26.53259038925171 
26.037055253982544 
25.56929588317871 
25.127604603767395 
24.179939925670624 
23.805204033851624 
23.451314866542816 
23.116327822208405 
22.79968559741974 
22.07249104976654 
21.80306613445282 
21.54863029718399 
20.931904017925262 
20.716002583503723 
20.51268070936203 
19.985996186733246 
19.81481909751892 
19.654464721679688 
19.202569127082825 
19.06963139772415 
18.66588592529297 
18.557578325271606 
18.19656491279602 
18.11065822839737 
17.78791844844818 
17.48812198638916 
17.434461414813995 
17.16706156730652 
16.919124126434326 
16.689471900463104 
16.67422652244568 
16.4715975522995 
16.28459244966507 
16.112792491912842 
15.87790995836258 
15.729625523090363 
15.587350726127625 
15.450547635555267 
15.29959887266159 
15.174105763435364 
15.053737163543701 
14.93830680847168 
14.808103442192078 
14.702129364013672 
14.600580930709839 
14.48407918214798 
14.391033351421356 
14.282944798469543 
14.197851717472076 
14.09764289855957 
14.020013809204102 
13.927201926708221 
13.837969303131104 
13.770754635334015 
13.688285648822784 
13.609105348587036 
13.551458716392517 
13.478504121303558 
13.408580422401428 
13.359792530536652 
13.295640051364899 
13.234305381774902 
13.175715506076813 
13.119818270206451 
13.084499537944794 
13.033759593963623 
12.985540926456451 
12.939800322055817 
12.896481156349182 
12.855549156665802 
12.834738194942474 
12.798425555229187 
12.764377892017365 
12.7325639128685 
12.702950835227966 
12.675510346889496 
12.650208175182343 
12.627023458480835 
12.605929374694824 
12.586905062198639 
12.569926679134369 
12.554977834224701 
12.542037665843964 
12.530820071697235 
12.521857023239136 
12.514863908290863 
12.509827315807343 
12.52453476190567 
12.523412704467773 
12.524227797985077 
12.526975572109222 
12.531651556491852 
12.538255751132965 
12.546786665916443 
12.557245790958405 
12.569640576839447 
12.583965063095093 
12.600232660770416 