95.55355310440063 
95.55354118347168 
95.56494951248169 
95.59077024459839 
95.63100337982178 
95.68569660186768 
93.88115406036377 
77.72744297981262 
66.33791327476501 
57.890963554382324 
51.3699471950531 
46.19036614894867 
38.416823744773865 
35.477620363235474 
32.970693707466125 
30.807045102119446 
28.926226496696472 
27.26971209049225 
25.803637504577637 
24.497628211975098 
23.327217996120453 
22.2731813788414 
21.319763362407684 
20.453552901744843 
19.66358870267868 
18.94070655107498 
18.277154862880707 
17.666350305080414 
17.10265278816223 
16.024582087993622 
15.574990212917328 
15.156608819961548 
14.766643941402435 
14.402633905410767 
14.062409102916718 
13.370439410209656 
13.089972734451294 
12.826700508594513 
12.579414248466492 
12.347012758255005 
11.845016479492188 
11.650659143924713 
11.467704176902771 
11.05404794216156 
10.900399833917618 
10.755785554647446 
10.410621017217636 
10.289234668016434 
10.175216943025589 
9.88447219133377 
9.789355844259262 
9.532566368579865 
9.453891962766647 
9.226421266794205 
9.162238985300064 
8.960356563329697 
8.773688971996307 
8.72979536652565 
8.563942462205887 
8.410533517599106 
8.2686647772789 
8.247830718755722 
8.122467249631882 
8.006621152162552 
7.899941504001617 
7.75376483798027 
7.660991698503494 
7.571526616811752 
7.485029846429825 
7.402002811431885 
7.321657240390778 
7.2441041469573975 
7.169238477945328 
7.097172737121582 
7.027367502450943 
6.959948688745499 
6.895049661397934 
6.832151114940643 
6.7716047167778015 
6.712909787893295 
6.656417995691299 
6.601646542549133 
6.548945605754852 
6.498044729232788 
6.448692083358765 
6.4012311398983 
6.355411559343338 
6.31098672747612 
6.268308311700821 
6.227130442857742 
6.18722066283226 
6.148925423622131 
6.11201599240303 
6.076452508568764 
6.042204052209854 
6.009048968553543 
5.977334827184677 
5.946840345859528 
5.917542427778244 
5.889411270618439 
5.862424522638321 
5.836373940110207 
5.811605229973793 
5.787910893559456 
5.765271559357643 
5.743670091032982 
5.72308748960495 
5.703505501151085 
5.684909597039223 
5.66728413105011 
5.650614574551582 
5.634889006614685 
5.620092898607254 
5.606215447187424 
5.593094602227211 
5.581023171544075 
5.569840222597122 
5.559535697102547 
5.549931898713112 
5.541364848613739 
5.533656105399132 
5.526799708604813 
5.520789697766304 
5.515621975064278 
5.511292442679405 
5.5077992379665375 
5.505138635635376 
5.503308400511742 
5.502308905124664 
5.502308160066605 
5.5029697716236115 
5.504456162452698 
5.506772547960281 
5.509921908378601 
5.513905733823776 
5.5187273770570755 
5.5243901908397675 
5.53089901804924 
5.538258329033852 
5.546474829316139 
5.555380508303642 
5.565329268574715 
5.576156452298164 
5.587867647409439 
5.6006260216236115 
5.614139512181282 
5.628567934036255 
5.643924325704575 
5.660220608115196 
5.677470192313194 
5.6956857442855835 
5.714884027838707 
5.735080316662788 
5.756290256977081 
5.778533220291138 
5.80182708799839 
5.826190114021301 
5.851465463638306 
5.878035351634026 
5.9057436883449554 
5.934613198041916 
5.9646714478731155 
5.995944142341614 
6.028275191783905 
6.062066555023193 
6.097165495157242 
6.133602932095528 
6.171417236328125 
6.2104493379592896 
6.251127272844315 
6.293296813964844 
6.3368059694767 
6.382093578577042 
6.42901137471199 
6.477407366037369 
6.527736037969589 
6.57985657453537 
6.633621454238892 
6.689500063657761 
6.747148185968399 
6.807050108909607 
6.868861615657806 
6.933081150054932 
6.999366730451584 
7.068011909723282 
7.139334827661514 
7.2129882872104645 
7.289298623800278 
7.368369400501251 
7.4505530297756195 
7.5357116758823395 
7.623802125453949 
7.715161889791489 
7.859183847904205 
7.964256405830383 
8.078357577323914 
8.201835304498672 
8.221922814846039 
8.361651003360748 
8.512727171182632 
8.676034957170486 
8.718841522932053 
8.902592957019806 
9.101270884275436 
9.164022654294968 
9.387794137001038 
9.464772790670395 
9.71725657582283 
9.810353070497513 
10.096046328544617 
10.207640379667282 
10.326454043388367 
10.66528931260109 
10.80678403377533 
10.957100987434387 
11.362677812576294 
11.541540175676346 
11.731510609388351 
12.222951650619507 
12.449873983860016 
12.691245973110199 
12.948118150234222 
13.221670687198639 
13.897137343883514 
14.228461682796478 
14.582736790180206 
14.962032437324524 
15.368649363517761 
15.80527275800705 
16.85202419757843 
17.397964000701904 
17.988911271095276 
18.630169332027435 
19.327904284000397 
20.08935809135437 
20.923081040382385 
21.83922976255417 
22.849994897842407 
23.970097303390503 
24.075213074684143 
24.01200383901596 
23.952716588974 
23.897910118103027 
23.846334218978882 
23.79855215549469 
23.754532635211945 
23.713494837284088 
23.67689460515976 
23.643960058689117 
23.614664375782013 
23.588986694812775 
23.56691211462021 
23.548415303230286 
23.533494770526886 
23.52212965488434 
23.514311015605927 
23.510044813156128 
23.510044813156128 
23.51285219192505 
23.519206047058105 
23.529109358787537 
23.54256510734558 
23.559588193893433 
23.580193519592285 
23.604395985603333 
23.63220751285553 
23.663656413555145 
23.69876354932785 
23.736824095249176 
23.779335618019104 
23.825593292713165 
23.87564182281494 
23.92890900373459 
23.98665100336075 
24.048298597335815 
24.113912880420685 
24.183541536331177 
24.257245659828186 
24.33508038520813 
24.417103826999664 
24.503394961357117 
24.59402084350586 
24.68905597925186 
24.78858381509781 
24.89268332719803 
25.00067949295044 
25.11420249938965 
25.23258924484253 
25.3559410572052 
25.484371185302734 
25.617989897727966 
25.75612962245941 
25.90050995349884 
26.050472259521484 
26.206153631210327 
26.36772394180298 
26.53449773788452 
26.708295941352844 
26.88847780227661 
27.07437574863434 
27.26787030696869 
27.468329668045044 
27.675113081932068 
27.890154719352722 
28.11284363269806 
28.342565894126892 
28.58131229877472 
28.827625513076782 
29.08356785774231 
29.34766411781311 
29.622051119804382 
29.90526854991913 
30.19857108592987 
30.503302812576294 
30.8180034160614 
31.144049763679504 
31.481897830963135 
31.833037734031677 
32.19520449638367 
32.57157504558563 
32.96189904212952 
33.57678949832916 
34.0254545211792 
34.51269567012787 
35.0419819355011 
35.12769639492035 
35.72445213794708 
36.36966943740845 
37.06718385219574 
37.249958515167236 
38.03477883338928 
38.883399963378906 
39.151403307914734 
40.10720252990723 
40.435972809791565 
41.5144145488739 
41.91202223300934 
43.13229024410248 
43.60889792442322 
44.11633312702179 
45.563554763793945 
46.167704463005066 
46.80950343608856 
48.538437485694885 
49.30233657360077 
50.113654136657715 
47.51037061214447 
47.49272167682648 
47.48857319355011 
47.49568700790405 
47.51441776752472 
47.84003794193268 
47.888004779815674 
47.94718325138092 
48.02262485027313 
48.115894198417664 
48.22211563587189 
48.70225191116333 
27.300482988357544 
25.751391053199768 
24.401919543743134 
24.46332573890686 
24.529865384101868 
24.601538479328156 
33.8361382484436 
33.99340212345123 
34.14658606052399 
34.20622646808624 
34.27211940288544 
34.287530183792114 
34.3062162399292 
34.3069463968277 
34.3001663684845 
34.29421782493591 
34.31462645530701 
34.297311305999756 
34.28342640399933 
34.274253249168396 
34.267839789390564 
34.266647696495056 
34.27459895610809 
34.28991436958313 
11.018263548612595 
10.883201658725739 
10.752952098846436 
10.752952843904495 
10.628948360681534 
10.509393364191055 
10.463723540306091 
10.598165541887283 
10.737565159797668 
10.882136225700378 
11.025550216436386 
11.173668503761292 
11.32720485329628 
11.479911208152771 
11.778825521469116 
11.937419325113297 
12.101425975561142 
12.268362939357758 
12.43080347776413 
12.599682807922363 
12.776586413383484 
12.96139806509018 
13.151223957538605 
13.334530591964722 
13.524147868156433 
13.720467686653137 
13.923664391040802 
14.132322371006012 
14.345683157444 
14.566375315189362 
14.79479968547821 
15.199582278728485 
15.442119538784027 
15.707972645759583 
15.983806550502777 
16.26395583152771 
16.557174921035767 
17.106249928474426 
17.439331114292145 
17.806808650493622 
18.20099800825119 
18.624867498874664 
19.483064115047455 
20.040492713451385 
20.70264369249344 
22.37209528684616 
24.057303369045258 
34.48244631290436 
34.74201858043671 
35.01197695732117 
35.15433073043823 
34.14990305900574 
33.82132053375244 
32.934191823005676 
32.66240060329437 
31.87655806541443 
31.654834747314453 
30.95739781856537 
30.31255006790161 
30.16093671321869 
29.58797812461853 
29.058021306991577 
28.567922115325928 
28.495976328849792 
28.062859177589417 
27.66266167163849 
27.294132113456726 
26.789113879203796 
26.46859586238861 
26.159507036209106 
25.860711932182312 
25.573867559432983 
25.844207406044006 
26.310789585113525 
46.530881524086 
46.76026999950409 
47.74535596370697 
48.8104522228241 
50.152260065078735 
49.69476759433746 
49.254390597343445 
48.827481269836426 
48.41659963130951 
48.01822602748871 
47.63490557670593 
47.264689207077026 
46.905720233917236 
46.56051695346832 
46.808335185050964 
54.51112389564514 
54.14248704910278 
53.78682613372803 
53.44213247299194 
53.11136245727539 
52.79257297515869 
52.48540639877319 
52.189600467681885 
51.903241872787476 
51.62931680679321 
51.365941762924194 
51.11289024353027 
50.86991786956787 
50.63682198524475 
50.411826372146606 
50.1978874206543 
49.99324381351471 
49.79771375656128 
49.61113631725311 
49.43336844444275 
49.26423728466034 
49.10362660884857 
48.951396346092224 
48.807430267333984 
48.67161214351654 
48.54382276535034 
48.42396378517151 
48.31072688102722 
48.20646941661835 
48.10988903045654 
48.02089333534241 
47.93795049190521 
49.01813864707947 
54.9152672290802 
71.85843586921692 
95.87438702583313 
95.78465819358826 
95.70949673652649 
95.64884901046753 
95.60266733169556 
95.57090401649475 