53.53032946586609 
53.536176681518555 
53.55010628700256 
53.57210040092468 
53.60219478607178 
53.64040732383728 
53.686779737472534 
53.741323947906494 
53.80409359931946 
51.77918076515198 
46.52208387851715 
38.64775598049164 
35.67478358745575 
33.140334486961365 
30.955109000205994 
29.05617654323578 
27.385061979293823 
25.90615749359131 
24.5893731713295 
23.41007888317108 
22.348415851593018 
21.388177573680878 
20.516030490398407 
19.720876216888428 
18.993426859378815 
18.326053023338318 
17.71189570426941 
17.145200073719025 
16.061830520629883 
15.610040724277496 
15.189667046070099 
14.797890186309814 
14.432229101657867 
14.090490341186523 
13.395720720291138 
13.114096224308014 
12.849780917167664 
12.601527571678162 
12.368232756853104 
11.86450570821762 
11.669430881738663 
11.485809087753296 
11.070826649665833 
10.916635394096375 
10.771510004997253 
10.425306111574173 
10.303497314453125 
10.189084708690643 
9.897507727146149 
9.802062064409256 
9.544562548398972 
9.465610980987549 
9.237530082464218 
9.173114597797394 
8.970702439546585 
8.783552795648575 
8.73948261141777 
8.573208004236221 
8.41941386461258 
8.27719122171402 
8.256236463785172 
8.130548149347305 
8.014409244060516 
7.907460629940033 
7.761113345623016 
7.6680973172187805 
7.578394562005997 
7.4916772544384 
7.408501207828522 
7.327936589717865 
7.250170409679413 
7.17509537935257 
7.102899253368378 
7.032894343137741 
6.965281069278717 
6.900262087583542 
6.837175786495209 
6.776517629623413 
6.717643141746521 
6.661044061183929 
6.606100499629974 
6.5532974898815155 
6.5022967755794525 
6.452780216932297 
6.405223906040192 
6.359311193227768 
6.314730644226074 
6.271963566541672 
6.230698525905609 
6.190640851855278 
6.152261048555374 
6.115269660949707 
6.079626455903053 
6.045298278331757 
6.012004613876343 
5.9802137315273285 
5.94964474439621 
5.920273065567017 
5.892068520188332 
5.865010619163513 
5.8388300240039825 
5.813992023468018 
5.790228769183159 
5.767522007226944 
5.745854601264 
5.725205689668655 
5.705558881163597 
5.686898902058601 
5.669208988547325 
5.652477219700813 
5.636689439415932 
5.621831491589546 
5.607893317937851 
5.59472031891346 
5.582588165998459 
5.5713459849357605 
5.560982972383499 
5.551262944936752 
5.542638152837753 
5.53487092256546 
5.527957528829575 
5.52189014852047 
5.516665428876877 
5.512280389666557 
5.508729815483093 
5.506013706326485 
5.504127591848373 
5.5030714720487595 
5.5030707269907 
5.503672361373901 
5.5051039904356 
5.507364124059677 
5.510458722710609 
5.514386296272278 
5.51915280520916 
5.524760857224464 
5.53121343255043 
5.538516864180565 
5.546678230166435 
5.555471777915955 
5.56536465883255 
5.576134845614433 
5.587790161371231 
5.60048371553421 
5.613940581679344 
5.628311634063721 
5.643609911203384 
5.65984845161438 
5.677038803696632 
5.695196241140366 
5.7143352925777435 
5.73447123169899 
5.7556211948394775 
5.777803435921669 
5.801035463809967 
5.825336277484894 
5.8504898101091385 
5.8769963681697845 
5.904640257358551 
5.9334442019462585 
5.963436514139175 
5.994642153382301 
6.026844680309296 
6.060566380620003 
6.09559528529644 
6.131961941719055 
6.1697036027908325 
6.208600103855133 
6.249202415347099 
6.29129633307457 
6.3346631824970245 
6.379871815443039 
6.4267076551914215 
6.474956125020981 
6.525199860334396 
6.577233970165253 
6.630843132734299 
6.686631590127945 
6.74411877989769 
6.803926080465317 
6.865570694208145 
6.929689645767212 
6.995801627635956 
7.064269483089447 
7.135483622550964 
7.208951562643051 
7.2850726544857025 
7.363949716091156 
7.446008920669556 
7.5309522449970245 
7.61883407831192 
7.709979265928268 
7.853651791810989 
7.95847624540329 
8.07231143116951 
8.195503801107407 
8.215468376874924 
8.354856818914413 
8.50556269288063 
8.668467402458191 
8.71109664440155 
8.894385397434235 
9.092555195093155 
9.155075252056122 
9.378258138895035 
9.454961866140366 
9.706759452819824 
9.799529612064362 
10.084416717290878 
10.195620357990265 
10.3140190243721 
10.651840269565582 
10.79283133149147 
10.94260886311531 
11.346889287233353 
11.525091528892517 
11.714351922273636 
12.204094976186752 
12.430128455162048 
12.670543789863586 
12.926380336284637 
13.198813796043396 
13.87159377336502 
14.201466739177704 
14.554150402545929 
14.931704103946686 
15.336441993713379 
15.770997107028961 
16.812753677368164 
17.355863749980927 
17.943643033504486 
18.581345677375793 
19.27523761987686 
20.03246545791626 
20.861385762691498 
21.77211046218872 
22.776639461517334 
23.88952374458313 
25.128504633903503 
26.51543915271759 
28.077566623687744 
29.84527051448822 
31.8692147731781 
34.202614426612854 
36.9215726852417 
44.0351128578186 
48.714861273765564 
54.537034034729004 
61.961811780929565 
65.75228571891785 
65.69008827209473 
65.637868642807 
65.59561491012573 
65.5632734298706 
65.54082036018372 
65.52825570106506 
65.52825570106506 
65.53541421890259 
65.5524730682373 
65.57940244674683 
65.61623811721802 
65.66303372383118 
65.7197892665863 
65.78657627105713 
65.86343050003052 
65.95040559768677 
66.04758501052856 
66.15232229232788 
66.27011895179749 
66.39837622642517 
66.53717160224915 
66.68494939804077 
66.84519052505493 
67.0163094997406 
67.1984851360321 
67.391836643219 
42.86040663719177 
42.563462257385254 
42.26381480693817 
41.96249842643738 
41.6584312915802 
41.34649336338043 
41.054585576057434 
40.75303673744202 
40.002620220184326 
39.72991704940796 
39.46617543697357 
39.22033905982971 
38.99519443511963 
38.77953290939331 
38.18967640399933 
38.017112016677856 
37.86843121051788 
37.73702681064606 
37.62020468711853 
37.19912767410278 
37.123993039131165 
37.0704710483551 
36.74684762954712 
36.73058748245239 
36.73291802406311 
36.49323582649231 
36.53135001659393 
36.57894730567932 
36.42396926879883 
36.508867144584656 
36.39618754386902 
36.51160001754761 
28.54599356651306 
28.347337245941162 
27.978214621543884 
28.252044320106506 
28.536853194236755 
28.830686211586 
29.135122895240784 
29.450586438179016 
29.778766632080078 
30.116960406303406 
30.468422174453735 
30.83292245864868 
31.40721619129181 
31.826260685920715 
32.281336188316345 
32.775646448135376 
32.85542130470276 
33.4127277135849 
34.01527404785156 
34.66659486293793 
34.8369836807251 
35.56979596614838 
36.36209964752197 
36.61201298236847 
36.66557967662811 
36.34028732776642 
36.02457344532013 
35.72106063365936 
35.42640805244446 
35.14324128627777 
34.869757294654846 
34.604212641716 
34.34918820858002 
34.10297334194183 
33.8639110326767 
33.63456130027771 
33.41326713562012 
33.19845497608185 
32.9926460981369 
32.79426991939545 
32.60312378406525 
32.41903781890869 
32.24049508571625 
32.070013880729675 
31.906089186668396 
31.74857497215271 
31.597331166267395 
31.452226638793945 
31.311824917793274 
31.178635358810425 
31.05120360851288 
30.92944025993347 
30.813241004943848 
30.702504515647888 
30.597150325775146 
30.49708604812622 
30.402222275733948 
30.312496423721313 
30.22783100605011 
30.148157477378845 
30.073410272598267 
30.0042986869812 
29.93924617767334 
29.878950119018555 
29.82337474822998 
29.7712504863739 
29.72499430179596 
29.710403084754944 
65.82479476928711 
23.59062135219574 
23.568302392959595 
23.54957014322281 
24.896860122680664 
35.80825626850128 
65.54108262062073 
65.52850604057312 
65.5285120010376 
65.53568243980408 
65.55272340774536 
65.57965874671936 
65.61649441719055 
65.66327810287476 
65.72004556655884 
65.78682065010071 
58.38945508003235 
51.77186727523804 
46.5212881565094 
38.64724040031433 
35.67478060722351 
33.14070999622345 
30.956098437309265 
29.056814312934875 
27.385300397872925 
25.90671181678772 
24.59016889333725 
23.411071300506592 
22.349564731121063 
21.38945460319519 
20.517565310001373 
19.722649455070496 
18.99539977312088 
18.32796186208725 
17.71368682384491 
17.146886885166168 
16.063345968723297 
15.611490607261658 
15.191058814525604 
14.799223840236664 
14.433516561985016 
14.091731607913971 
13.396875560283661 
13.115215301513672 
12.850865721702576 
12.602581083774567 
12.369256466627121 
11.865471303462982 
11.670373380184174 
11.486728489398956 
11.071700602769852 
10.91749221086502 
10.772351175546646 
10.426110029220581 
10.304288566112518 
10.189864039421082 
9.89825576543808 
9.802798926830292 
9.54526737332344 
9.466302394866943 
9.238192439079285 
9.173768013715744 
8.971332758665085 
8.784162253141403 
8.740086853504181 
8.573789894580841 
8.420000225305557 
8.277793973684311 
8.256853371858597 
8.131176978349686 
8.01505595445633 
7.908124476671219 
7.851676642894745 
7.956432551145554 
8.070193976163864 
8.193768560886383 
8.213715255260468 
8.353045582771301 
8.503688126802444 
8.666520565748215 
8.709122240543365 
8.892332762479782 
9.090415388345718 
9.15289893746376 
9.375979006290436 
9.452639520168304 
9.704320877790451 
9.79703739285469 
10.081789642572403 
10.192931443452835 
10.31126007437706 
10.64891368150711 
10.789823532104492 
10.939514636993408 
11.343580484390259 
11.521677672863007 
11.710824817419052 
12.200292199850082 
12.426184862852097 
12.666447460651398 
12.922120094299316 
13.194377720355988 
13.866733014583588 
14.196377992630005 
14.54881727695465 
14.926104247570038 
15.330545604228973 
15.764772891998291 
16.805745661258698 
17.348404228687286 
17.93568581342697 
18.57282668352127 
30.818894505500793 
30.708149075508118 
30.602774024009705 
30.502697825431824 
30.407825112342834 
30.318084359169006 
30.233407020568848 
30.153724551200867 
30.601608753204346 
54.42166328430176 
54.30366396903992 
54.19431924819946 
54.0935218334198 
53.999000787734985 
53.915101289749146 
53.83957028388977 
53.77233028411865 
53.71332764625549 
53.66251468658447 
53.6198616027832 
53.585344552993774 
53.55892777442932 
53.54059338569641 
53.53032946586609 