13.463817536830902 
13.234822452068329 
13.015499711036682 
12.805542349815369 
12.604393064975739 
12.411417812108994 
12.22638264298439 
12.048950046300888 
11.886218190193176 
11.731371283531189 
11.582812666893005 
11.283019185066223 
11.150169372558594 
11.028488725423813 
10.912231355905533 
10.801199078559875 
10.695037245750427 
10.594772547483444 
10.498601198196411 
10.406394302845001 
10.320782661437988 
10.242576152086258 
10.167787969112396 
10.096337646245956 
10.028216242790222 
9.9661685526371 
9.907761216163635 
9.85230877995491 
9.705691784620285 
9.658927470445633 
9.616181254386902 
9.576084464788437 
9.538611024618149 
9.50373113155365 
9.541169553995132 
9.831000864505768 
10.137630999088287 
46.80790305137634 
45.94084024429321 
44.06898617744446 
43.34404170513153 
42.66166388988495 
41.11967384815216 
40.54667949676514 
40.00738263130188 
38.721027970314026 
38.2683664560318 
37.843188643455505 
36.759814620018005 
36.40512228012085 
35.44852435588837 
35.155189037323 
34.30789411067963 
34.06855762004852 
33.316630125045776 
32.62140154838562 
32.45765566825867 
31.839975714683533 
31.268665194511414 
30.740338563919067 
30.662456154823303 
30.19568622112274 
29.764270782470703 
29.366987943649292 
28.822651505470276 
28.477096557617188 
28.143855929374695 
27.821561694145203 
27.512618899345398 
27.21332013607025 
26.924413442611694 
26.645508408546448 
26.377344131469727 
26.117268204689026 
25.866079330444336 
25.62457025051117 
25.390198826789856 
25.164884328842163 
24.94615465402603 
24.735921621322632 
24.531789124011993 
24.335655570030212 
24.146217107772827 
23.962239921092987 
23.78559410572052 
23.615051805973053 
23.449409008026123 
23.290547728538513 
23.13726395368576 
22.988419234752655 
22.845856845378876 
22.70844727754593 
22.576040029525757 
22.448523342609406 
22.324803471565247 
22.206710278987885 
22.09315150976181 
21.9840407371521 
21.87926322221756 
21.778742969036102 
21.681439876556396 
21.589162945747375 
21.500882506370544 
21.416521072387695 
21.336019039154053 
21.259303390979767 
21.186307072639465 
21.116971969604492 
21.05124741792679 
20.98907381296158 
20.93040496110916 
20.875193178653717 
20.823396742343903 
20.77433168888092 
20.729243755340576 
20.68745642900467 
20.648933947086334 
20.61275988817215 
20.58069258928299 
20.551812648773193 
20.52609920501709 
20.503531396389008 
20.484089851379395 
20.467764139175415 
20.454543828964233 
20.444415509700775 
20.437370240688324 
20.43340802192688 
20.43340504169464 
20.435599982738495 
20.44087052345276 
20.44922560453415 
20.460674166679382 
20.47521620988846 
20.492874085903168 
20.51365375518799 
20.537574589252472 
20.564652979373932 
20.59491276741028 
20.62748074531555 
20.664170384407043 
20.70412039756775 
20.74735313653946 
20.79455256462097 
20.84447294473648 
20.897790789604187 
20.95455229282379 
21.014802157878876 
21.0785910487175 
21.14596515893936 
21.21698260307312 
21.29170596599579 
21.370190382003784 
21.452505886554718 
21.53872400522232 
21.628907322883606 
21.722213923931122 
21.820585429668427 
21.923179924488068 
22.03008234500885 
22.14139550924301 
22.257214784622192 
22.376686334609985 
22.50184714794159 
22.63185828924179 
22.766833007335663 
22.906915843486786 
23.05123805999756 
23.201942443847656 
23.35817962884903 
23.51909875869751 
23.68689626455307 
23.860742151737213 
24.039779603481293 
24.226276576519012 
24.41941350698471 
24.618354439735413 
24.825426936149597 
25.038760900497437 
24.946194887161255 
24.345053732395172 
24.175263941287994 
23.641780018806458 
23.14852476119995 
23.03236722946167 
22.594118118286133 
22.18877226114273 
21.813924610614777 
21.758686006069183 
21.426376700401306 
21.120326220989227 
20.838497579097748 
20.452088117599487 
20.2068954706192 
19.97043341398239 
19.74274069070816 
19.523514807224274 
19.311130046844482 
19.106119871139526 
18.90820413827896 
18.717916309833527 
18.533366918563843 
18.355117738246918 
18.183745443820953 
18.0174320936203 
17.857545614242554 
17.702333629131317 
17.55315661430359 
17.408299446105957 
17.26911813020706 
17.13469624519348 
17.004142701625824 
16.878792643547058 
16.757777333259583 
16.64023846387863 
16.527503728866577 
16.418735682964325 
16.313114762306213 
16.21195375919342 
16.11444354057312 
16.02049022912979 
15.930001437664032 
15.84220826625824 
15.75840711593628 
15.677827596664429 
15.600398182868958 
15.526050329208374 
15.454719960689545 
15.385673940181732 
15.320193767547607 
15.257547795772552 
15.197688341140747 
15.140563249588013 
15.08612334728241 
15.034326910972595 
14.985127747058868 
14.938487112522125 
14.89437073469162 
14.852739870548248 
14.813563227653503 
14.77680653333664 
14.742736518383026 
14.710739254951477 
14.68108743429184 
14.653752744197845 
14.628082513809204 
14.605328440666199 
14.5848348736763 
14.566588401794434 
14.550571143627167 
14.536778628826141 
14.525194466114044 
14.515812695026398 
14.508627355098724 
14.503629505634308 
14.500820636749268 
14.500820636749268 
14.502376317977905 
14.50612097978592 
14.51205313205719 
14.520175755023956 
14.530500769615173 
14.5430326461792 
14.55778181552887 
14.57475870847702 
14.593976736068726 
14.61545079946518 
14.638569951057434 
14.664608240127563 
14.692957699298859 
14.72364366054535 
14.756394922733307 
14.791823923587799 
14.82965499162674 
14.869937300682068 
14.912691712379456 
14.957961440086365 
15.005773305892944 
15.056172013282776 
15.109197795391083 
15.164895355701447 
15.223310887813568 
15.284496545791626 
15.348495543003082 
15.414711833000183 
15.484519302845001 
15.557324886322021 
15.633189678192139 
15.712183713912964 
15.79437404870987 
15.879157185554504 
15.967977046966553 
16.06023758649826 
16.156022250652313 
16.25543087720871 
16.357851028442383 
16.46479368209839 
16.57566875219345 
16.68986678123474 
16.808941960334778 
16.932308673858643 
17.059363424777985 
17.191709578037262 
17.328770458698273 
17.469947040081024 
17.616893351078033 
17.768287658691406 
17.925824224948883 
18.088166415691376 
18.257060647010803 
18.431171774864197 
18.611489236354828 
18.79907101392746 
18.992561101913452 
19.19303685426712 
19.40077245235443 
19.616924226284027 
19.83974128961563 
20.071187615394592 
20.311222970485687 
20.68910449743271 
20.96504271030426 
21.264740824699402 
21.59014642238617 
21.642665565013885 
22.0097154378891 
22.406557202339172 
22.835519909858704 
22.9477196931839 
23.43035191297531 
23.95216077566147 
24.11673665046692 
24.70439076423645 
24.90631192922592 
25.569310784339905 
25.813525915145874 
26.563623547554016 
26.85636281967163 
27.168044447898865 
28.0574768781662 
28.428632020950317 
28.822892904281616 
29.887178540229797 
30.356234312057495 
30.85435926914215 
32.1432501077652 
32.73801803588867 
30.905041098594666 
29.934796690940857 
29.943102598190308 
30.137333273887634 
30.161947011947632 
30.19365668296814 
30.23185133934021 
30.276554822921753 
30.330467224121094 
30.58667480945587 
30.656546354293823 
30.734556913375854 
30.819249153137207 
30.911225080490112 
31.01891279220581 
31.133592128753662 
31.25525414943695 
31.394416093826294 
31.543919444084167 
31.700974702835083 
31.875187158584595 
32.0621520280838 
32.259079813957214 
32.490575313568115 
32.74257481098175 
33.004844188690186 
33.72085392475128 
34.11901593208313 
34.6260130405426 
35.18986999988556 
36.13463044166565 
14.398205280303955 
13.639283180236816 
12.957331538200378 
12.564216554164886 
12.19889298081398 
11.855798214673996 
11.855799704790115 
11.534854024648666 
11.232611536979675 
10.947620123624802 
10.723786801099777 
10.516825318336487 
10.319556295871735 
10.131431370973587 
9.951940178871155 
9.780611842870712 
9.617012739181519 
9.294472634792328 
9.150596708059311 
9.013023227453232 
8.881453424692154 
8.755585551261902 
8.635197579860687 
8.56241062283516 
8.659334480762482 
8.759384602308273 
8.862661570310593 
8.969271928071976 
9.079328924417496 
9.192938357591629 
20.057448744773865 
20.15419453382492 
20.2539324760437 
20.357590913772583 
20.48405110836029 
20.599843561649323 
20.71988582611084 
20.844270288944244 
20.973119139671326 
21.116556227207184 
21.29972279071808 
21.454134583473206 
21.625366806983948 
21.802979707717896 
21.98629230260849 
22.24608063697815 
22.460205852985382 
22.681008279323578 
23.019452393054962 
23.27856421470642 
23.57555329799652 
24.03520792722702 
24.40304160118103 
24.783167243003845 
25.474441051483154 
26.037028431892395 
27.138832211494446 
27.997851371765137 
26.04812979698181 
25.919607281684875 
26.16679072380066 
26.422786712646484 
26.68910026550293 
26.963797211647034 
27.248409390449524 
27.54332721233368 
21.027910709381104 
20.707713067531586 
20.41194438934326 
20.428138971328735 
20.808273553848267 
21.085764467716217 
21.387113630771637 
21.714574098587036 
21.767358481884003 
22.136446833610535 
22.535495460033417 
22.96683043241501 
23.079629242420197 
23.564940690994263 
24.089641869068146 
24.25510436296463 
24.84600841999054 
25.04902184009552 
25.715669989585876 
25.96120536327362 
26.7154723405838 
27.00982689857483 
27.323219180107117 
28.217583894729614 
28.590774536132812 
28.98721992969513 
30.057451128959656 
30.529111623764038 
31.0300350189209 
31.524178385734558 
31.328687071800232 
31.14025890827179 
30.958697199821472 
25.246897339820862 
24.51808452606201 
24.151170253753662 
23.796255886554718 
23.453080654144287 
23.121020197868347 
22.78955578804016 
22.23605066537857 
21.90759927034378 
21.582244336605072 
21.258440613746643 
20.935405790805817 
20.605000853538513 
20.27793824672699 
19.949202239513397 
19.617047905921936 
19.281795620918274 
18.94450932741165 
18.614637851715088 
18.2762011885643 
17.942380905151367 
17.606250941753387 
17.2734335064888 
16.94847047328949 
16.309627890586853 
15.9885972738266 
15.675345063209534 
15.371797978878021 
15.065531432628632 
14.772970974445343 
14.493276178836823 
14.220774173736572 
13.957279920578003 
13.705089688301086 
13.463817536830902 