-0.595248 -0.397883 -1.54905
0.933431
0.933368
0.933445
0.933664
0.934023
0.934523
0.935166
0.882465
0.748603
0.650214
0.575127
0.466724
0.427067
0.393827
0.365549
0.34126
0.320079
0.301507
0.2851
0.270509
0.257454
0.245712
0.235101
0.225467
0.216695
0.208676
0.20132
0.194555
0.181718
0.176369
0.171404
0.166786
0.162485
0.158472
0.15037
0.14708
0.143995
0.141102
0.138386
0.132564
0.1303
0.128171
0.123397
0.121613
0.119935
0.115967
0.11456
0.113237
0.109904
0.108801
0.105864
0.104951
0.102352
0.101606
0.0993034
0.0971761
0.0966622
0.0947736
0.0930276
0.0914136
0.0911618
0.0897357
0.088418
0.0872045
0.0855435
0.0844877
0.0834692
0.0824842
0.0815537
0.0806378
0.0797532
0.078899
0.078091
0.0772935
0.0765229
0.0757949
0.075075
0.0743955
0.0737227
0.0730884
0.0724595
0.0718674
0.0712954
0.070727
0.0701932
0.0696776
0.0691643
0.0686836
0.0682195
0.0677566
0.0673245
0.0669078
0.0665059
0.0661185
0.0657309
0.0653717
0.0650259
0.0646933
0.0643736
0.0640666
0.0637578
0.0634753
0.0632046
0.0629455
0.0626979
0.0624614
0.062236
0.0620214
0.0618175
0.0616241
0.061441
0.0612682
0.0611054
0.060951
0.060808
0.0606747
0.0605511
0.0604238
0.0603193
0.060224
0.0601381
0.0600615
0.059994
0.0599357
0.0598865
0.0598464
0.0598153
0.0597932
0.0597932
0.0597892
0.0597941
0.0598081
0.0598311
0.0598632
0.0599043
0.0599546
0.060014
0.0600827
0.0601606
0.0602347
0.0603313
0.0604374
0.060553
0.0606799
0.060815
0.0609599
0.0611149
0.0612799
0.0614552
0.0616409
0.0618372
0.0620442
0.062262
0.062491
0.0627313
0.062983
0.0632327
0.063508
0.0637956
0.0640956
0.0644083
0.0647339
0.0650588
0.0654114
0.0657779
0.0661588
0.0665543
0.0669505
0.0673765
0.0678185
0.0682621
0.0687372
0.0692297
0.0697251
0.0702538
0.0708017
0.0713539
0.0719416
0.0725348
0.0731653
0.0738025
0.0744788
0.0751631
0.0758723
0.0766239
0.0773859
0.0781758
0.0789948
0.0798612
0.0807442
0.0816581
0.0826063
0.0841013
0.0851924
0.0863774
0.0876599
0.0878548
0.089306
0.0908744
0.0925691
0.0930003
0.0949058
0.0969645
0.0976018
0.0999179
0.100702
0.103311
0.10426
0.107207
0.108345
0.109556
0.113042
0.114483
0.116014
0.120171
0.121989
0.123918
0.128934
0.131232
0.133674
0.13627
0.139031
0.145866
0.149195
0.152748
0.156545
0.160608
0.164962
0.175396
0.180797
0.186628
0.192934
0.199772
0.207207
0.215314
0.224182
0.233917
0.244646
0.256521
0.263649
0.262948
0.262284
0.261669
0.261095
0.260563
0.260016
0.259566
0.259156
0.258786
0.258456
0.258166
0.257915
0.257703
0.257531
0.257397
0.257302
0.257302
0.257284
0.257306
0.257366
0.257465
0.257603
0.25778
0.257996
0.258252
0.258547
0.258883
0.259201
0.259617
0.260074
0.260571
0.261117
0.261698
0.262322
0.262989
0.263699
0.264453
0.265252
0.266097
0.266988
0.267925
0.26891
0.269944
0.271027
0.272102
0.273287
0.274524
0.275815
0.27716
0.278562
0.27996
0.281477
0.283054
0.284693
0.286395
0.2881
0.289933
0.291835
0.293744
0.295788
0.297908
0.300039
0.302315
0.304672
0.307048
0.309578
0.31213
0.314843
0.317585
0.320495
0.32344
0.326492
0.329726
0.333005
0.336404
0.339928
0.343656
0.347456
0.351388
0.355469
0.3619
0.366595
0.371695
0.377214
0.378053
0.384297
0.391047
0.398339
0.400194
0.220194
0.217999
0.215925
0.213874
0.211938
0.210021
0.208215
0.206423
0.204736
0.203107
0.201488
0.199967
0.198498
0.197036
0.195666
0.194344
0.193026
0.191795
0.190607
0.0614847
0.0611266
0.0607682
0.0604361
0.0601165
0.059809
0.0595135
0.0592296
0.0589442
0.058683
0.0584327
0.0581932
0.0579643
0.0593622
0.061685
0.0642258
0.0670152
0.0700893
0.073492
0.0772735
0.0815012
0.0862504
0.0916396
0.0977905
0.104873
0.122995
0.134567
0.148612
0.16601
0.171113
0.170921
0.170755
0.170615
0.170501
0.170412
0.170349
0.170349
0.170338
0.170352
0.170392
0.170457
0.170549
0.170666
0.170809
0.170979
0.171174
0.171396
0.171607
0.171882
0.172185
0.172514
0.172867
0.173252
0.173665
0.174106
0.174576
0.175076
0.175605
0.176164
0.176753
0.177374
0.178026
0.178711
0.179428
0.18014
0.180924
0.181743
0.182598
0.183488
0.184416
0.185342
0.186346
0.187391
0.188475
0.189602
0.190731
0.191945
0.193204
0.194467
0.195821
0.197224
0.198635
0.200142
0.201703
0.203276
0.20495
0.20664
0.208437
0.210252
0.212178
0.214128
0.216149
0.21829
0.22046
0.222711
0.225044
0.227512
0.230016
0.23262
0.235321
0.239576
0.242683
0.246058
0.249724
0.250279
0.254411
0.258879
0.263705
0.264933
0.27036
0.276223
0.278039
0.284635
0.286866
0.294296
0.296997
0.30539
0.308629
0.312077
0.322002
0.326105
0.330462
0.3423
0.347475
0.352968
0.367248
0.373791
0.507039
0.503994
0.501059
0.498121
0.495399
0.492778
0.490258
0.487835
0.485508
0.483169
0.481028
0.478976
0.477013
0.475136
0.473345
0.471636
0.47001
0.468465
0.466999
0.465612
0.464302
0.463069
0.461922
0.460839
0.459829
0.458892
0.457928
0.457135
0.456413
0.486751
0.551419
0.760875
0.760136
0.934888
0.934261
0.933776
0.933431
-0.590619 -0.194754 -1.54921
0.730181
0.730133
0.730195
0.730367
0.730649
0.731042
0.731546
0.732161
0.732888
0.699543
0.618633
0.502256
0.459628
0.423866
0.393441
0.367309
0.344536
0.324568
0.306925
0.291232
0.277191
0.26456
0.253144
0.242783
0.233345
0.224717
0.216803
0.209523
0.195708
0.189952
0.184609
0.179639
0.175009
0.17069
0.161969
0.158427
0.155107
0.151993
0.149069
0.142799
0.140361
0.138067
0.132925
0.131004
0.129196
0.124922
0.123407
0.121983
0.118394
0.117207
0.114043
0.11306
0.110262
0.109458
0.106978
0.104687
0.104134
0.1021
0.100219
0.0984806
0.0982096
0.0966734
0.0952542
0.0939472
0.0921578
0.0910208
0.0899239
0.0888631
0.0878609
0.0868744
0.0859218
0.0850018
0.0841315
0.0832727
0.0824428
0.0816586
0.0808833
0.0801514
0.0794269
0.0787437
0.0780664
0.0774287
0.0768125
0.0762005
0.0756255
0.0750701
0.0745174
0.0739996
0.0734998
0.0730014
0.072536
0.0720871
0.0716542
0.071237
0.0708197
0.0704328
0.0700604
0.0697022
0.0693579
0.0690272
0.0686948
0.0683905
0.068099
0.06782
0.0675533
0.0672987
0.0670559
0.0668248
0.0666052
0.066397
0.0661999
0.0660138
0.0658385
0.0656723
0.0655184
0.0653749
0.0652419
0.065105
0.0649924
0.06489
0.0647976
0.0647151
0.0646425
0.0645798
0.0645269
0.0644838
0.0644504
0.0644268
0.0644267
0.0644225
0.064428
0.0644432
0.0644681
0.0645028
0.0645472
0.0646015
0.0646657
0.0647398
0.0648238
0.0649039
0.0650082
0.0651226
0.0652473
0.0653842
0.0655298
0.0656862
0.0658532
0.0660312
0.0662202
0.0664205
0.0666321
0.0668552
0.0670901
0.067337
0.067596
0.0678673
0.0681367
0.0684335
0.0687435
0.0690668
0.0694039
0.069755
0.0701053
0.0704854
0.0708805
0.071291
0.0717173
0.0721445
0.0726037
0.0730801
0.0735584
0.0740706
0.0746014
0.0751355
0.0757055
0.076296
0.0768913
0.0775248
0.0781644
0.0788439
0.0795308
0.0802598
0.0809975
0.0817621
0.0825721
0.0833936
0.0842452
0.0851281
0.0860619
0.0870138
0.087999
0.0890212
0.0906317
0.0918078
0.0930852
0.0944676
0.0946778
0.096242
0.0979328
0.0997595
0.100224
0.102278
0.104498
0.105185
0.107681
0.108526
0.111339
0.112362
0.115539
0.116766
0.118072
0.12183
0.123383
0.125034
0.129516
0.131476
0.133556
0.138964
0.141442
0.144075
0.146873
0.149851
0.157219
0.160809
0.16464
0.168735
0.173116
0.177811
0.189062
0.194887
0.201175
0.207976
0.215351
0.223369
0.232115
0.24168
0.25218
0.263752
0.276563
0.290811
0.306745
0.324628
0.344927
0.368109
0.394815
0.463176
0.464618
0.463886
0.463225
0.462635
0.462117
0.461668
0.46129
0.460982
0.460743
0.460574
0.460574
0.460544
0.460583
0.460692
0.46087
0.461118
0.461436
0.461824
0.462282
0.462812
0.463413
0.463985
0.464731
0.465549
0.46644
0.467418
0.468459
0.469577
0.470771
0.228816
0.226539
0.227224
0.227948
0.228711
0.229515
0.230359
0.231245
0.232174
0.233095
0.23411
0.235171
0.236277
0.23743
0.238631
0.23983
0.24113
0.242481
0.243886
0.245344
0.246806
0.248377
0.250006
0.251643
0.253395
0.255211
0.257038
0.258988
0.261008
0.263044
0.265212
0.267399
0.269724
0.272074
0.274568
0.275133
0.269243
0.267821
0.262591
0.257757
0.253288
0.252592
0.248629
0.244981
0.241621
0.237018
0.234093
0.231272
0.228556
0.225978
0.223441
0.220991
0.218625
0.216387
0.214178
0.212043
0.210027
0.208032
0.20615
0.204287
0.202529
0.200788
0.199147
0.197563
0.195989
0.19451
0.193081
0.19166
0.190328
0.189042
0.187761
0.186564
0.185409
0.184296
0.183223
0.182149
0.181154
0.180196
0.179275
0.17839
0.177539
0.176684
0.175902
0.175152
0.174434
0.173748
0.173093
0.172469
0.171875
0.17131
0.170774
0.170268
0.169789
0.169338
0.168919
0.168524
0.168155
0.167812
0.16746
0.167171
0.166907
0.166669
0.166457
0.166271
0.166109
0.165973
0.165863
0.165777
0.165716
0.165716
0.165705
0.165719
0.165758
0.165822
0.165912
0.166026
0.166166
0.166331
0.166521
0.166737
0.166944
0.167212
0.167506
0.167827
0.16817
0.168545
0.168947
0.169377
0.169834
0.170321
0.170836
0.17138
0.171954
0.172558
0.173193
0.173859
0.174557
0.17525
0.176014
0.176811
0.177642
0.178509
0.179412
0.180314
0.181291
0.182307
0.183363
0.18446
0.185559
0.18674
0.187965
0.189195
0.190513
0.191878
0.193252
0.194718
0.196237
0.197768
0.199397
0.201042
0.20279
0.204557
0.206432
0.20833
0.210296
0.21238
0.396002
0.388712
0.381972
0.380922
0.374945
0.369443
0.364376
0.357424
0.353014
0.34876
0.344664
0.340776
0.33695
0.333256
0.329687
0.326312
0.322981
0.319762
0.316721
0.313714
0.310875
0.308065
0.305415
0.302788
0.300315
0.297925
0.295551
0.293321
0.291167
0.289023
0.287015
0.285076
0.283143
0.281338
0.279597
0.277918
0.2763
0.274681
0.273181
0.271736
0.270347
0.269012
0.267729
0.26644
0.26526
0.264129
0.263047
0.262013
0.261025
0.260083
0.259187
0.258336
0.257528
0.256763
0.256042
0.255362
0.25473
0.254133
0.260651
0.279531
0.32784
0.358688
0.614496
0.613621
0.557562
0.578803
0.731915
0.731316
0.730827
0.730449
0.730181
-0.586048 0.00835831 -1.54953
0.526947
0.526914
0.526961
0.527087
0.527293
0.527579
0.527944
0.52839
0.528917
0.529525
0.530215
0.530874
0.491184
0.453078
0.420644
0.392758
0.368447
0.347124
0.32828
0.311517
0.296515
0.283022
0.270825
0.259754
0.249666
0.240442
0.231981
0.224198
0.209427
0.203272
0.197558
0.192243
0.187292
0.182672
0.173344
0.169555
0.166004
0.162672
0.159545
0.152841
0.150233
0.147781
0.142282
0.140227
0.138293
0.133722
0.132101
0.130578
0.126739
0.125468
0.122084
0.121033
0.118039
0.11718
0.114526
0.112075
0.111483
0.109307
0.107294
0.105435
0.105145
0.103501
0.101983
0.100584
0.0986698
0.0974532
0.0962796
0.0951446
0.0940719
0.0930164
0.0919972
0.0910129
0.0900814
0.0891626
0.0882747
0.0874354
0.086606
0.0858227
0.0850475
0.0843163
0.0835918
0.0829093
0.0822498
0.0815951
0.0809797
0.0803853
0.0797942
0.07924
0.0787051
0.078172
0.077674
0.0771936
0.0767304
0.0762839
0.0758376
0.0754236
0.0750251
0.0746418
0.0742734
0.0739196
0.0735642
0.0732386
0.0729267
0.0726283
0.0723429
0.0720705
0.0718108
0.0715637
0.0713288
0.071106
0.0708952
0.0706962
0.0705088
0.0703311
0.0701665
0.0700132
0.0698709
0.0697249
0.0696046
0.0694951
0.0693964
0.0693084
0.0692309
0.0691641
0.0691077
0.0690617
0.0690263
0.0690012
0.0690012
0.0689969
0.0690031
0.0690196
0.0690466
0.069084
0.0691319
0.0691903
0.0692593
0.0693389
0.0694292
0.0695155
0.0696274
0.0697503
0.0698842
0.070031
0.0701873
0.070355
0.0705342
0.0707251
0.0709278
0.0711426
0.0713695
0.0716088
0.0718607
0.0721254
0.0724031
0.072694
0.0729831
0.0733013
0.0736336
0.0739802
0.0743416
0.0747179
0.0750938
0.0755012
0.0759247
0.0763647
0.0768217
0.0772798
0.077772
0.0782826
0.0787956
0.0793445
0.0799135
0.0804862
0.0810971
0.08173
0.0823683
0.0830473
0.083733
0.0844613
0.0851978
0.085979
0.08677
0.0875897
0.0884578
0.0893385
0.0902515
0.091198
0.0921988
0.0932193
0.0942754
0.0953712
0.0970996
0.0983605
0.09973
0.101212
0.101438
0.103115
0.104928
0.106886
0.107385
0.109587
0.111966
0.112703
0.11538
0.116286
0.119301
0.120398
0.123805
0.12512
0.12652
0.130549
0.132216
0.133985
0.138791
0.140893
0.143124
0.148923
0.15158
0.154404
0.157405
0.160598
0.168502
0.172352
0.176461
0.180854
0.185555
0.190592
0.202664
0.208915
0.215662
0.222961
0.230878
0.239488
0.248876
0.259148
0.270427
0.282859
0.296622
0.311933
0.329049
0.348261
0.37007
0.394969
0.423647
0.497153
0.544138
0.601184
0.667629
0.666782
0.666037
0.665393
0.664851
0.664409
0.664068
0.663827
0.663827
0.663786
0.663844
0.664004
0.664263
0.664623
0.665083
0.665645
0.666309
0.667075
0.667944
0.426815
0.427502
0.428256
0.429078
0.429979
0.430939
0.431969
0.433069
0.434241
0.435486
0.436804
0.438198
0.439667
0.441213
0.442838
0.444543
0.44633
0.448105
0.450058
0.452099
0.448786
0.437235
0.426458
0.404692
0.395852
0.387566
0.379792
0.372494
0.356848
0.350763
0.345035
0.332203
0.327408
0.322896
0.312229
0.308446
0.304893
0.295934
0.29297
0.285072
0.282618
0.275632
0.273627
0.267434
0.261712
0.260331
0.255251
0.250555
0.246213
0.245537
0.241687
0.238142
0.234878
0.230401
0.22756
0.224819
0.222181
0.219676
0.217211
0.214831
0.212533
0.210358
0.208212
0.206139
0.204179
0.202242
0.200413
0.198603
0.196895
0.195203
0.193609
0.192069
0.190541
0.189104
0.187716
0.186335
0.185041
0.183792
0.182547
0.181384
0.180262
0.179181
0.178138
0.177096
0.176129
0.175199
0.179295
0.18396
0.429858
0.427792
0.425899
0.424085
0.422349
0.42069
0.419106
0.417596
0.416159
0.414793
0.413498
0.412272
0.411115
0.410025
0.409013
0.408056
0.407164
0.406337
0.405487
0.404788
0.404151
0.403577
0.403065
0.402615
0.402226
0.401898
0.401631
0.401425
0.401279
0.401279
0.401255
0.40129
0.401387
0.401543
0.401761
0.40204
0.402379
0.402781
0.403244
0.403769
0.362691
0.332006
0.306247
0.284324
0.265404
0.248988
0.234588
0.221863
0.210542
0.20041
0.191296
0.183059
0.175581
0.168768
0.162537
0.156822
0.151564
0.141584
0.137426
0.133565
0.129975
0.126629
0.123508
0.117205
0.114645
0.112245
0.109994
0.107881
0.10335
0.101588
0.0999301
0.0962134
0.0948245
0.0935176
0.0904277
0.0893321
0.0883029
0.0857078
0.0848494
0.0825615
0.0818509
0.0798272
0.0792461
0.0774518
0.0757941
0.0753939
0.0739222
0.0725619
0.0713045
0.0711088
0.0699938
0.0689674
0.0680221
0.0667266
0.0659038
0.0651101
0.0643459
0.0636205
0.0629067
0.0624489
0.0636142
0.0639108
0.0652213
0.0666375
0.0670762
0.0686695
0.0692089
0.0710033
0.0716559
0.0736825
0.0744648
0.0752978
0.0776947
0.0786858
0.0797384
0.0825975
0.0838477
0.0851748
0.0886245
0.0902052
0.0918849
0.0936706
0.0955699
0.100271
0.102561
0.105006
0.107618
0.110414
0.11341
0.120589
0.124306
0.128318
0.132658
0.137364
0.142482
0.148062
0.154166
0.16087
0.168258
0.176434
0.41685
0.415745
0.414718
0.413748
0.412844
0.412005
0.355535
0.354921
0.357478
0.399383
0.529292
0.528701
0.52819
0.52776
0.527409
0.527138
0.526947
-0.581909 0.211332 -1.54773
0.323867
0.323839
0.323861
0.323931
0.324051
0.324219
0.324437
0.324704
0.32502
0.325386
0.325803
0.326194
0.326712
0.327281
0.327902
0.328567
0.329293
0.330072
0.330906
0.331794
0.316681
0.302159
0.289042
0.277143
0.266307
0.256403
0.247323
0.238974
0.22314
0.216544
0.210424
0.204733
0.199433
0.194488
0.184512
0.18046
0.176661
0.173099
0.169755
0.162593
0.159806
0.157185
0.151314
0.149118
0.147052
0.142174
0.140442
0.138816
0.13472
0.133363
0.129754
0.128631
0.125439
0.12452
0.121691
0.119077
0.118444
0.116124
0.11398
0.111997
0.111686
0.109935
0.108316
0.106826
0.104783
0.103486
0.102235
0.101026
0.0998843
0.0987591
0.0976725
0.096623
0.095632
0.0946522
0.0937053
0.0928124
0.0919277
0.0910942
0.0902673
0.0894892
0.0887162
0.0879898
0.0872879
0.0865893
0.0859343
0.0853016
0.0846704
0.0840805
0.083511
0.0829416
0.0824113
0.0818998
0.0814065
0.0809311
0.0804539
0.0800129
0.0795884
0.07918
0.0787874
0.0784103
0.0780299
0.0776828
0.0773503
0.0770319
0.0767276
0.076437
0.0761598
0.075896
0.0756452
0.0754073
0.0751821
0.0749693
0.0747689
0.0745787
0.0744026
0.0742383
0.0740859
0.0739277
0.0737986
0.0736809
0.0735746
0.0734796
0.0733958
0.0733233
0.0732619
0.0732116
0.0731724
0.0731442
0.0731442
0.0731381
0.0731429
0.0731588
0.0731858
0.0732238
0.073273
0.0733333
0.0734048
0.0734875
0.0735816
0.0736699
0.0737868
0.0739154
0.0740556
0.0742096
0.0743736
0.0745497
0.0747379
0.0749386
0.0751517
0.0753776
0.0756164
0.0758683
0.0761335
0.0764122
0.0767047
0.0770113
0.0773141
0.0776495
0.0779998
0.0783653
0.0787463
0.0791433
0.079538
0.0799677
0.0804145
0.0808788
0.0813611
0.0818427
0.0823622
0.0829012
0.0834408
0.0840202
0.0846209
0.0852236
0.0858686
0.0865368
0.0872089
0.0879259
0.0886481
0.0894172
0.0901931
0.0910181
0.0918515
0.0927152
0.0936321
0.0945603
0.0955225
0.0965202
0.0975772
0.0986531
0.0997665
0.100922
0.102743
0.104072
0.105516
0.107079
0.107315
0.109083
0.110994
0.113059
0.113583
0.115904
0.118412
0.119187
0.122009
0.122962
0.12614
0.127294
0.130884
0.132268
0.133741
0.137985
0.139738
0.1416
0.146661
0.148871
0.151218
0.157321
0.160115
0.163083
0.166239
0.169595
0.177905
0.181949
0.186266
0.190879
0.195815
0.201102
0.213774
0.220331
0.227406
0.235056
0.24335
0.252364
0.26219
0.272935
0.284718
0.2977
0.312063
0.328032
0.345877
0.365894
0.388591
0.414481
0.444261
0.520309
0.568773
0.627488
0.699986
0.791739
0.869954
0.869094
0.868367
0.867771
0.867305
0.866971
0.866971
0.866898
0.866956
0.867145
0.867465
0.867915
0.868498
0.630077
0.629027
0.629736
0.630542
0.631299
0.632301
0.633403
0.634604
0.635923
0.637328
0.638837
0.64045
0.642169
0.159809
0.152484
0.145869
0.139867
0.1344
0.129404
0.124824
0.120612
0.112626
0.109299
0.106211
0.10334
0.100666
0.0981712
0.0931377
0.0910931
0.0891768
0.0873792
0.085692
0.0820781
0.080672
0.0793495
0.0763869
0.0752789
0.0742364
0.0717746
0.0709007
0.0700799
0.0680131
0.0673284
0.0655067
0.06494
0.063329
0.0628657
0.061438
0.0601192
0.0597999
0.0586291
0.0575468
0.0565463
0.0563896
0.0555024
0.0546857
0.0539337
0.0529018
0.0522471
0.0516157
0.0510076
0.0504314
0.0498633
0.0493147
0.0487848
0.0482845
0.0477898
0.0473117
0.0468609
0.0464142
0.0459934
0.0455759
0.0458587
0.0471521
0.0476508
0.0481818
0.0497111
0.0503429
0.0510138
0.0528371
0.0536334
0.0544785
0.0566768
0.0576831
0.0587525
0.0598891
0.0610979
0.0640915
0.0655486
0.0671038
0.0687655
0.0705433
0.072448
0.0770123
0.0793739
0.0819221
0.0846777
0.0876649
0.0909115
0.0944504
0.0983202
0.102567
0.409418
0.408195
0.160915
0.160485
0.160085
0.159707
0.159354
0.159027
0.158687
0.15841
0.158158
0.157929
0.157726
0.157546
0.15739
0.157258
0.15715
0.157066
0.157006
0.157006
0.156993
0.157003
0.157037
0.157095
0.157177
0.157282
0.157412
0.157565
0.157743
0.157945
0.158134
0.158385
0.158661
0.158963
0.159285
0.159637
0.160015
0.160419
0.160849
0.161307
0.161792
0.162304
0.162845
0.163414
0.164013
0.16464
0.165298
0.165949
0.166669
0.16742
0.168205
0.169023
0.169875
0.170722
0.171644
0.172603
0.1736
0.174635
0.175669
0.176784
0.177941
0.179099
0.180343
0.409636
0.39605
0.391228
0.386698
0.375292
0.371515
0.361464
0.358338
0.34945
0.350997
0.354211
0.503395
0.508373
0.513413
0.504632
0.495859
0.494485
0.486706
0.479545
0.47295
0.463906
0.458165
0.452627
0.447294
0.44224
0.437259
0.432448
0.427801
0.423413
0.419075
0.414883
0.41093
0.407013
0.403322
0.399661
0.396217
0.392794
0.389578
0.386471
0.383377
0.380477
0.377676
0.374882
0.37227
0.369748
0.367227
0.36488
0.362615
0.226801
0.225477
0.224147
0.222918
0.221736
0.220598
0.219504
0.218454
0.217394
0.216427
0.2155
0.214613
0.156039
0.155448
0.154884
0.154348
0.153838
0.153354
0.157466
0.165519
0.174517
0.184657
0.196106
0.209155
0.328036
0.327336
0.326764
0.326243
0.325772
0.325351
0.324981
0.32466
0.324388
0.324165
0.323991
0.323867
-0.581717 0.393545 -0.995948
0.168252
0.166962
0.165717
0.164515
0.163357
0.162241
0.161166
0.160131
0.159136
0.15818
0.157263
0.155257
0.154428
0.153635
0.152877
0.152151
0.151463
0.150809
0.150189
0.149602
0.149048
0.148527
0.148038
0.147581
0.147156
0.146763
0.146402
0.146072
0.144845
0.144586
0.144358
0.144161
0.143995
0.14386
0.14288
0.142814
0.14278
0.142777
0.142806
0.142026
0.142124
0.142255
0.1416
0.141801
0.142036
0.141505
0.141812
0.142154
0.141749
0.142166
0.141849
0.142343
0.142115
0.142689
0.142553
0.142467
0.143167
0.143177
0.143238
0.143352
0.144234
0.144447
0.144718
0.145046
0.145635
0.146109
0.146662
0.147297
0.14683
0.1476
0.148452
0.149389
0.149142
0.150223
0.151393
0.151309
0.152631
0.152654
0.154134
0.154265
0.15591
0.156152
0.156442
0.158328
0.158733
0.159145
0.15418
0.151293
0.148511
0.14413
0.141593
0.139145
0.136783
0.134502
0.130859
0.12877
0.126752
0.124801
0.122916
0.121093
0.118122
0.116446
0.114825
0.113256
0.111738
0.110269
0.108847
0.10747
0.106138
0.104847
0.103598
0.102388
0.101217
0.100068
0.0989703
0.0979075
0.0968785
0.0950618
0.0941126
0.0931938
0.0923046
0.0914441
0.0906116
0.0898063
0.0890275
0.0882745
0.0875467
0.0868435
0.0868434
0.0861772
0.0855341
0.0849138
0.0843157
0.0837394
0.0831843
0.0826502
0.0821365
0.0816429
0.0811692
0.0801335
0.0797055
0.079296
0.0789049
0.0785411
0.0781857
0.0778479
0.0775275
0.0772242
0.0769379
0.0766686
0.076416
0.0761799
0.0759604
0.0757574
0.0755707
0.0754002
0.0747663
0.0746322
0.0745142
0.0744123
0.0743265
0.0742568
0.0737504
0.0737162
0.0736982
0.0736966
0.0737114
0.0733087
0.0733592
0.0734266
0.0730882
0.0731917
0.0733128
0.0730385
0.0731967
0.0733732
0.0731637
0.0733787
0.0732148
0.0734696
0.073352
0.073648
0.0735775
0.0735331
0.0738942
0.0738987
0.0739301
0.0739888
0.0744438
0.0745611
0.0747008
0.0748696
0.0751741
0.0754195
0.0757055
0.0760261
0.0757852
0.0761832
0.0766238
0.077108
0.0769806
0.077539
0.0781437
0.0781008
0.0787838
0.078796
0.0795605
0.0796287
0.0804784
0.0806039
0.0807541
0.0817281
0.081938
0.0821732
0.0832813
0.0835796
0.0839044
0.085159
0.0855514
0.085972
0.0864209
0.0868988
0.0884073
0.0889625
0.089549
0.0901676
0.0908191
0.0915042
0.0933723
0.0941513
0.0949679
0.0958232
0.0967183
0.0976545
0.0986332
0.0996559
0.100724
0.101839
0.103004
0.104219
0.105487
0.106793
0.108172
0.109612
0.111114
0.114489
0.11618
0.117946
0.11979
0.121715
0.123727
0.125829
0.128026
0.130325
0.132729
0.135246
0.135246
0.137902
0.140684
0.143602
0.146662
0.149874
0.153248
0.156795
0.160527
0.164456
0.168597
0.177254
0.182093
0.187214
0.19264
0.198457
0.204576
0.211086
0.218023
0.225425
0.233343
0.241825
0.250929
0.260721
0.271278
0.282689
0.295055
0.308495
0.337638
0.3551
0.374353
0.395674
0.419408
0.445973
0.507059
0.545522
0.589908
0.641727
0.702886
0.859296
0.969063
inf
inf
inf
inf
inf
inf
inf
inf
inf
inf
0.81337
0.81207
0.815348
0.81457
0.336969
0.31723
0.28212
0.254615
0.232515
0.224276
0.212856
0.213255
0.213738
0.214603
0.215302
0.216118
0.217047
0.216359
0.217494
0.218751
0.220133
0.219768
0.221362
0.223087
0.222964
0.224913
0.224947
0.227129
0.227323
0.229747
0.230105
0.230533
0.367593
0.368536
0.369593
0.374574
0.375914
0.377374
0.383013
0.384777
0.386667
0.388684
0.390832
0.397613
0.400108
0.402744
0.268033
0.263988
0.260077
0.253704
0.250108
0.246629
0.243262
0.240004
0.236851
0.233799
0.230845
0.227985
0.225216
0.222535
0.219939
0.217425
0.215024
0.212667
0.0495744
0.0490538
0.0481345
0.0476542
0.0471893
0.0467393
0.0463039
0.0458826
0.0454751
0.045081
0.0447
0.0443317
0.0439759
0.0439759
0.0436387
0.0433133
0.0429994
0.0426968
0.0424051
0.0421243
0.041854
0.0415941
0.0413443
0.0411046
0.0405805
0.0403639
0.0401567
0.0399588
0.0397653
0.0395856
0.0394148
0.0392528
0.0390995
0.0389548
0.0388186
0.0386909
0.0385717
0.0384607
0.0383581
0.0382638
0.0381777
0.0378571
0.0377894
0.0377299
0.0376785
0.0376352
0.0376001
0.0373441
0.0373269
0.037318
0.0373173
0.037325
0.0371213
0.0371471
0.0371813
0.0370103
0.0370629
0.0371243
0.0369857
0.037066
0.0371555
0.0370496
0.0371587
0.0370759
0.0372051
0.0371458
0.0372958
0.0372604
0.0372381
0.0374211
0.0374236
0.0374398
0.0374697
0.0377003
0.0377536
0.0378246
0.0379104
0.0380634
0.0381872
0.0383315
0.0385
0.0383778
0.038579
0.0388017
0.0390465
0.0389817
0.0392641
0.0395698
0.0395478
0.0398932
0.0398991
0.0402857
0.04032
0.0407497
0.0408129
0.0408887
0.0413813
0.0414873
0.0416061
0.0421664
0.0423172
0.0424813
0.0431158
0.0433141
0.0435266
0.0437535
0.043995
0.0447578
0.0450383
0.0453348
0.0456475
0.0459767
0.046323
0.0472675
0.0476613
0.0480741
0.0485063
0.216422
0.213578
0.210825
0.20816
0.20558
0.203082
0.200663
0.198321
0.196054
0.193864
0.191738
0.18968
0.187687
0.184169
0.18233
0.180551
0.178829
0.177162
0.17555
0.173991
0.172482
0.171024
0.169614
0.168252
-0.462181 0.467521 -0.0599854
0.277866
0.278126
0.278429
0.278774
0.279162
0.279593
0.280067
0.280585
0.281146
0.281751
0.282402
0.283321
0.284063
0.28485
0.277153
0.264713
0.253411
0.243122
0.233722
0.225105
0.217182
0.209877
0.203125
0.196869
0.191059
0.185658
0.180625
0.175928
0.166665
0.162804
0.159181
0.155778
0.152578
0.149569
0.14326
0.140733
0.138351
0.136103
0.133983
0.129246
0.127453
0.125761
0.121787
0.120356
0.119008
0.115645
0.11451
0.113445
0.11058
0.109693
0.107145
0.106416
0.104145
0.103558
0.101533
0.0996559
0.0992706
0.0975979
0.0960481
0.0946132
0.0944637
0.0931963
0.0920253
0.0909481
0.0894748
0.0885407
0.087642
0.0867752
0.0858791
0.0850787
0.0843083
0.0835667
0.0827911
0.0821046
0.0814438
0.0807474
0.0801359
0.079488
0.0789225
0.0783197
0.0777973
0.0772369
0.0766969
0.0762343
0.0757329
0.0752501
0.0748422
0.0743949
0.0739646
0.073607
0.0732095
0.0728278
0.0724615
0.0721104
0.0718288
0.0715066
0.0711986
0.0709043
0.0706235
0.0703561
0.0701555
0.0699137
0.0696845
0.0694675
0.0692628
0.06907
0.068889
0.0687196
0.0685617
0.068415
0.0682796
0.0681552
0.0680418
0.0679377
0.0678458
0.0677646
0.067694
0.0676867
0.067637
0.0675978
0.0675689
0.0675503
0.067542
0.0675439
0.0675561
0.0675786
0.0676112
0.0676542
0.0676542
0.0677175
0.0677913
0.0678753
0.0679698
0.0680747
0.0681901
0.0683161
0.0684528
0.0686003
0.0687586
0.0689826
0.0691631
0.0693549
0.069558
0.0697742
0.0700005
0.0702385
0.0704885
0.0707507
0.0710252
0.0713122
0.0716121
0.0719249
0.072251
0.0725907
0.0729441
0.0733115
0.0737526
0.0741495
0.0745614
0.0749886
0.0754316
0.0758908
0.0764282
0.0769213
0.0774318
0.0779601
0.0785069
0.0791368
0.0797224
0.0803281
0.0810205
0.0816687
0.0823389
0.0830997
0.0838166
0.0845577
0.0853939
0.0861867
0.087078
0.0879262
0.0888766
0.0897844
0.0907984
0.0918466
0.0928532
0.0939728
0.095131
0.0963292
0.0974879
0.0987729
0.100101
0.101477
0.103644
0.105224
0.106941
0.1088
0.109184
0.11129
0.113571
0.116043
0.116771
0.119564
0.122596
0.123634
0.12707
0.128334
0.132241
0.133767
0.138228
0.140061
0.142012
0.147382
0.149722
0.152213
0.158758
0.161756
0.164952
0.173067
0.176946
0.181096
0.185541
0.190306
0.201987
0.204332
0.203452
0.202611
0.201808
0.201044
0.200471
0.19978
0.199125
0.198505
0.19792
0.197369
0.196852
0.196368
0.195916
0.195498
0.195111
0.194755
0.194431
0.194133
0.19387
0.193638
0.193437
0.193416
0.193274
0.193162
0.193079
0.193026
0.193002
0.193008
0.193042
0.193107
0.1932
0.193323
0.193323
0.193504
0.193714
0.193955
0.194224
0.194524
0.194854
0.195214
0.195605
0.196026
0.196479
0.197118
0.197634
0.198182
0.198763
0.199381
0.200028
0.200708
0.201422
0.202171
0.202956
0.203776
0.204633
0.205527
0.206459
0.207429
0.208439
0.209489
0.21075
0.211884
0.213061
0.214281
0.215547
0.216859
0.090248
0.0886572
0.087157
0.0857419
0.0844068
0.0814229
0.0802937
0.0792284
0.0767257
0.0758245
0.0749756
0.0728574
0.0721427
0.071472
0.0696674
0.0691089
0.0675036
0.0670446
0.0656143
0.0652446
0.0639693
0.0627867
0.0625441
0.0614905
0.0605144
0.0596105
0.0595164
0.0587152
0.0579777
0.0572992
0.0563704
0.0557819
0.0552156
0.054672
0.0541074
0.0536031
0.0531177
0.0526505
0.0521618
0.0517293
0.051313
0.0508742
0.050489
0.0500807
0.0497244
0.0493447
0.0490155
0.0486624
0.0483222
0.0480307
0.0477148
0.0474107
0.0471536
0.0468718
0.0466007
0.0463754
0.0467292
0.047825
0.0489984
0.0502571
0.0533422
0.0549069
0.612432
0.632198
0.653628
0.67692
0.29368
0.292668
0.291708
0.2908
0.289943
0.289136
0.288378
0.287669
0.287008
0.286394
0.285827
0.285307
0.284832
0.284409
0.284025
0.283685
0.283389
0.403714
0.403418
0.403184
0.403011
0.4029
0.402851
0.402862
0.402935
0.403069
0.403264
0.40352
0.40352
0.403898
0.404337
0.404839
0.405402
0.406028
0.271537
0.249586
0.23099
0.215042
0.201221
0.178147
0.171683
0.172159
0.172663
0.173191
0.173753
0.294027
0.295073
0.296171
0.29732
0.298522
0.299777
0.301087
0.302452
0.303873
0.305353
0.306891
0.308737
0.310399
0.312123
0.313912
0.315766
0.317688
0.319938
0.322002
0.324139
0.32635
0.468227
0.471984
0.475477
0.479089
0.483219
0.487085
0.48872
0.474914
0.470256
0.465884
0.454122
0.450482
0.440019
0.437028
0.427705
0.425296
0.416984
0.409276
0.407696
0.234531
0.230811
0.231968
0.234758
0.23784
0.241038
0.244351
0.249561
0.253367
0.257499
0.26199
0.262914
0.267984
0.273476
0.279428
0.281179
0.287904
0.295204
0.297703
0.305976
0.309019
0.318426
0.322098
0.539575
0.530617
0.52371
0.51721
0.513187
0.50981
0.508157
0.50627
0.504865
0.43863
0.436261
0.436015
0.446714
0.458186
0.486296
0.500546
0.515928
0.170384
0.169709
0.169067
0.168585
0.168263
0.175641
0.183799
0.19286
0.202979
0.21434
0.227181
0.241799
0.258581
0.278035
0.27991
0.279445
0.279031
0.278653
0.27832
0.27803
0.278
0.277796
0.277635
0.277516
0.277439
0.277405
0.277413
0.277463
0.277556
0.27769
0.277866
-0.259764 0.479764 -0.0614339
0.0748887
0.0749602
0.0750431
0.0751375
0.0752434
0.0753609
0.07549
0.0756309
0.0757836
0.0759482
0.0761249
0.0763756
0.0765768
0.0767905
0.0770168
0.0772552
0.0775071
0.0777721
0.0780503
0.078342
0.0786474
0.0789668
0.0793003
0.0796482
0.0800107
0.0803883
0.0807812
0.0811896
0.0816812
0.0821222
0.0825799
0.0830547
0.0835469
0.084057
0.0846554
0.0852031
0.0857702
0.0863571
0.0869644
0.0876655
0.0883159
0.0889886
0.089759
0.0904789
0.0912231
0.0920695
0.0928656
0.0926777
0.090343
0.0896214
0.0875444
0.0869514
0.0851006
0.0846231
0.0829728
0.0814423
0.0811293
0.0797657
0.0785023
0.0773325
0.0772117
0.0761783
0.0752237
0.0743455
0.0731452
0.0723838
0.0716514
0.0709449
0.0702135
0.0695612
0.0689335
0.0683294
0.0676963
0.0671371
0.066599
0.0660306
0.0655327
0.0650038
0.0645435
0.0640516
0.0636264
0.0631692
0.0627285
0.0623522
0.0619432
0.0615493
0.0612177
0.0608528
0.0605019
0.0602114
0.0598872
0.0595759
0.0592773
0.0589911
0.0587627
0.0585001
0.0582491
0.0580093
0.0577806
0.0575628
0.0574006
0.0572038
0.0570172
0.0568407
0.0566741
0.0565173
0.0563702
0.0562325
0.0561043
0.0559852
0.0558754
0.0557746
0.0556828
0.0555984
0.0555242
0.0554588
0.0554019
0.0553978
0.0553582
0.055327
0.0553044
0.0552901
0.0552843
0.0552869
0.0552978
0.0553172
0.0553449
0.055381
0.055381
0.0554339
0.0554953
0.0555651
0.0556434
0.0557303
0.0558258
0.05593
0.0560429
0.0561646
0.0562953
0.0564807
0.0566295
0.0567876
0.0569549
0.0571331
0.0573194
0.0575154
0.0577211
0.0579369
0.0581627
0.0583989
0.0586455
0.0589028
0.059171
0.0594502
0.0597408
0.0600428
0.0604064
0.0607326
0.0610711
0.0614222
0.0617862
0.0621634
0.062606
0.0630111
0.0634305
0.0638645
0.0643136
0.0648322
0.0653132
0.0658107
0.0663805
0.0669128
0.0674632
0.0680892
0.0686779
0.0692866
0.0699745
0.0706255
0.0713587
0.0720552
0.0728369
0.0735823
0.0744163
0.0752783
0.0761049
0.0770257
0.0779781
0.0789634
0.0799148
0.0809716
0.0820637
0.0831949
0.0849755
0.0862753
0.0876869
0.0892157
0.0895329
0.0912644
0.0931405
0.0951739
0.0957734
0.0980709
0.100565
0.10142
0.104248
0.105289
0.108504
0.109761
0.113433
0.114943
0.116552
0.120973
0.122901
0.124955
0.130347
0.132819
0.135454
0.142144
0.145344
0.148769
0.152437
0.156371
0.16601
0.170902
0.176184
0.1819
0.188098
0.194837
0.21111
0.21993
0.229646
0.240395
0.252344
0.26569
0.280682
0.297647
0.316985
0.339214
0.365017
0.395315
0.398507
0.39791
0.397379
0.396911
0.396504
0.396475
0.396191
0.395968
0.395806
0.395704
0.395662
0.39568
0.395759
0.395897
0.396096
0.396354
0.396354
0.396733
0.397172
0.397671
0.398232
0.398854
0.399537
0.400283
0.401091
0.401962
0.402897
0.26065
0.246894
0.234596
0.227168
0.227875
0.228618
0.229399
0.287695
0.28877
0.289896
0.291073
0.292302
0.293585
0.294921
0.296313
0.297761
0.299267
0.432312
0.434647
0.437069
0.439582
0.442187
0.444887
0.448054
0.450954
0.453955
0.457061
0.460275
0.463987
0.467429
0.470989
0.475067
0.478877
0.482816
0.487296
0.49151
0.495865
0.500789
0.505448
0.510695
0.515679
0.521274
0.526608
0.532577
0.538746
0.544662
0.551251
0.558067
0.565119
0.411996
0.406465
0.244789
0.241932
0.238921
0.242575
0.246544
0.250848
0.251739
0.256608
0.261882
0.0677436
0.0671159
0.0665615
0.0660279
0.0654644
0.0649708
0.0644465
0.0639901
0.0635024
0.0630809
0.0626275
0.0621907
0.0618176
0.0614121
0.0610216
0.0606928
0.060331
0.0599831
0.0596951
0.0593737
0.0590651
0.0587691
0.0584852
0.0582589
0.0579985
0.0577496
0.0575119
0.0572852
0.0570692
0.0569084
0.0567132
0.0565282
0.0563533
0.0561881
0.0560327
0.0558868
0.0557503
0.0556232
0.0555052
0.0553963
0.0552963
0.0552053
0.0551244
0.0550508
0.0549859
0.0549296
0.0549255
0.0548862
0.0548553
0.0548328
0.0548187
0.0548129
0.0548155
0.0548264
0.0548455
0.054873
0.0549088
0.0549089
0.0549613
0.0550221
0.0550913
0.055169
0.0552551
0.0553498
0.0554531
0.0555651
0.0556858
0.0558153
0.0559991
0.0561467
0.0563034
0.0564693
0.0566431
0.0568278
0.0570221
0.0572261
0.05744
0.0576639
0.057898
0.0581426
0.0583976
0.0586635
0.0589404
0.0592284
0.0595279
0.0598883
0.0602117
0.0605473
0.0608953
0.0612562
0.0616302
0.062069
0.0624706
0.0628864
0.0633167
0.063762
0.0642761
0.064753
0.0652461
0.065811
0.0663388
0.0668845
0.0675051
0.0680888
0.0686922
0.0693742
0.0700196
0.0707465
0.071437
0.072212
0.072951
0.0737778
0.0746325
0.0754519
0.0763648
0.077309
0.0782859
0.0792292
0.0802726
0.0813552
0.0824766
0.084241
0.085529
0.0869278
0.0884479
0.0887622
0.0904782
0.0923376
0.0923949
0.0915388
0.0907826
0.090055
0.0892864
0.0886132
0.087898
0.0872756
0.0866105
0.0860356
0.0854172
0.0848215
0.0843126
0.0837595
0.0832269
0.0827785
0.0822851
0.0818106
0.0814178
0.0809794
0.0805585
0.0801548
0.0797677
0.0794589
0.0791039
0.0787644
0.0784402
0.0781309
0.0778363
0.0776171
0.0773509
0.0770986
0.0768599
0.0766347
0.0764227
0.0762237
0.0760376
0.0758642
0.0757033
0.0755547
0.0754184
0.0752942
0.0751826
0.0750823
0.0749937
0.0749169
0.0749114
0.0748578
0.0748156
0.074785
0.0747657
0.0747579
0.0747613
0.0747762
0.0748023
0.0748398
0.0748887